Text:  AND AS YOU CAN SEE IN THIS DIAGRAM HOUSEHOLDS 
Conf:  1
Ref:   1BHOflzxPjI

FRAME 	X 	Y 	W 	H 
001955 	0.455 	0.164 	0.098 	0.232 
001956 	0.456 	0.159 	0.097 	0.240 
001957 	0.455 	0.153 	0.098 	0.244 
001958 	0.457 	0.151 	0.098 	0.239 
001959 	0.458 	0.151 	0.100 	0.233 
001960 	0.460 	0.151 	0.101 	0.231 
001961 	0.463 	0.151 	0.101 	0.235 
001962 	0.466 	0.151 	0.103 	0.232 
001963 	0.469 	0.151 	0.104 	0.226 
001964 	0.473 	0.150 	0.105 	0.227 
001965 	0.478 	0.145 	0.102 	0.232 
001966 	0.482 	0.156 	0.102 	0.215 
001967 	0.486 	0.163 	0.100 	0.207 
001968 	0.490 	0.159 	0.100 	0.206 
001969 	0.494 	0.139 	0.103 	0.230 
001970 	0.500 	0.138 	0.102 	0.228 
001971 	0.507 	0.136 	0.100 	0.226 
001972 	0.514 	0.133 	0.101 	0.228 
001973 	0.520 	0.133 	0.100 	0.227 
001974 	0.528 	0.149 	0.101 	0.205 
001975 	0.535 	0.135 	0.097 	0.236 
001976 	0.540 	0.161 	0.099 	0.208 
001977 	0.545 	0.166 	0.099 	0.205 
001978 	0.548 	0.151 	0.099 	0.227 
001979 	0.551 	0.155 	0.101 	0.230 
001980 	0.556 	0.163 	0.099 	0.228 
001981 	0.560 	0.164 	0.098 	0.230 
001982 	0.562 	0.170 	0.100 	0.226 
001983 	0.564 	0.170 	0.101 	0.228 
001984 	0.567 	0.169 	0.100 	0.234 
001985 	0.570 	0.167 	0.098 	0.241 
001986 	0.571 	0.167 	0.097 	0.243 
001987 	0.573 	0.167 	0.096 	0.241 
001988 	0.573 	0.169 	0.096 	0.237 
001989 	0.573 	0.168 	0.096 	0.236 
001990 	0.571 	0.167 	0.098 	0.237 
001991 	0.569 	0.172 	0.099 	0.234 
001992 	0.566 	0.175 	0.098 	0.235 
001993 	0.562 	0.176 	0.099 	0.229 
001994 	0.557 	0.174 	0.101 	0.229 
001995 	0.552 	0.173 	0.104 	0.229 
001996 	0.550 	0.172 	0.102 	0.229 
001997 	0.545 	0.169 	0.103 	0.229 
001998 	0.540 	0.161 	0.104 	0.240 
001999 	0.536 	0.157 	0.103 	0.246 
002000 	0.533 	0.156 	0.101 	0.242 
002001 	0.529 	0.153 	0.102 	0.242 
002002 	0.525 	0.150 	0.101 	0.245 
002003 	0.520 	0.150 	0.101 	0.242 
002004 	0.515 	0.146 	0.100 	0.250 
002005 	0.510 	0.145 	0.099 	0.252 
002006 	0.505 	0.152 	0.100 	0.244 
002007 	0.499 	0.160 	0.100 	0.234 
002008 	0.489 	0.177 	0.103 	0.208 
002009 	0.481 	0.181 	0.104 	0.210 
002010 	0.475 	0.173 	0.102 	0.223 
002011 	0.467 	0.176 	0.104 	0.224 
002012 	0.458 	0.179 	0.102 	0.225 
002013 	0.449 	0.181 	0.101 	0.227 
002014 	0.441 	0.182 	0.101 	0.224 
002015 	0.430 	0.194 	0.104 	0.210 
002016 	0.423 	0.182 	0.103 	0.224 
002017 	0.416 	0.184 	0.104 	0.223 
002018 	0.408 	0.188 	0.104 	0.219 
002019 	0.401 	0.187 	0.101 	0.222 
002020 	0.395 	0.188 	0.102 	0.221 
002021 	0.389 	0.186 	0.104 	0.224 
002022 	0.384 	0.186 	0.105 	0.225 
002023 	0.379 	0.184 	0.105 	0.228 
002024 	0.376 	0.183 	0.106 	0.234 
002025 	0.372 	0.184 	0.105 	0.233 
002026 	0.369 	0.184 	0.105 	0.232 
002027 	0.369 	0.182 	0.103 	0.235 

WORD START END ASDSCORE
AND 0.07 0.21 6.7
AS 0.21 0.37 7.9
YOU 0.37 0.43 7.9
CAN 0.43 0.60 6.5
SEE 0.60 0.84 5.4
IN 0.84 0.91 5.4
THIS 0.91 1.09 6.8
DIAGRAM 1.09 1.68 10.9
HOUSEHOLDS 1.92 2.79 10.3
