Text:  A GOVERNMENT SECTOR AND TALK ABOUT TAXES AND AUSTERITY AND THE DAMAGE THAT 
Conf:  4
Ref:   1BHOflzxPjI

FRAME 	X 	Y 	W 	H 
003403 	0.434 	0.175 	0.100 	0.205 
003404 	0.434 	0.173 	0.099 	0.207 
003405 	0.434 	0.154 	0.101 	0.231 
003406 	0.435 	0.174 	0.099 	0.208 
003407 	0.432 	0.171 	0.098 	0.202 
003408 	0.429 	0.163 	0.099 	0.205 
003409 	0.430 	0.157 	0.098 	0.212 
003410 	0.430 	0.154 	0.098 	0.202 
003411 	0.430 	0.154 	0.098 	0.202 
003412 	0.430 	0.157 	0.099 	0.196 
003413 	0.430 	0.160 	0.101 	0.200 
003414 	0.434 	0.166 	0.101 	0.207 
003415 	0.437 	0.170 	0.101 	0.207 
003416 	0.440 	0.158 	0.104 	0.228 
003417 	0.448 	0.163 	0.103 	0.223 
003418 	0.453 	0.166 	0.102 	0.222 
003419 	0.462 	0.167 	0.098 	0.224 
003420 	0.468 	0.165 	0.103 	0.226 
003421 	0.474 	0.164 	0.103 	0.225 
003422 	0.477 	0.176 	0.103 	0.209 
003423 	0.483 	0.176 	0.102 	0.212 
003424 	0.488 	0.159 	0.102 	0.236 
003425 	0.494 	0.166 	0.100 	0.233 
003426 	0.502 	0.168 	0.099 	0.237 
003427 	0.506 	0.168 	0.101 	0.237 
003428 	0.512 	0.170 	0.100 	0.238 
003429 	0.518 	0.175 	0.103 	0.229 
003430 	0.524 	0.175 	0.103 	0.230 
003431 	0.528 	0.174 	0.102 	0.234 
003432 	0.530 	0.174 	0.104 	0.238 
003433 	0.535 	0.171 	0.102 	0.245 
003434 	0.537 	0.193 	0.101 	0.211 
003435 	0.541 	0.171 	0.100 	0.240 
003436 	0.543 	0.174 	0.100 	0.235 
003437 	0.545 	0.174 	0.099 	0.235 
003438 	0.547 	0.174 	0.099 	0.239 
003439 	0.548 	0.175 	0.100 	0.239 
003440 	0.550 	0.175 	0.097 	0.242 
003441 	0.550 	0.174 	0.099 	0.237 
003442 	0.550 	0.174 	0.098 	0.233 
003443 	0.551 	0.174 	0.098 	0.229 
003444 	0.551 	0.171 	0.097 	0.231 
003445 	0.550 	0.167 	0.097 	0.234 
003446 	0.550 	0.166 	0.096 	0.238 
003447 	0.549 	0.164 	0.096 	0.238 
003448 	0.547 	0.163 	0.097 	0.240 
003449 	0.545 	0.179 	0.099 	0.203 
003450 	0.544 	0.159 	0.100 	0.245 
003451 	0.544 	0.162 	0.098 	0.242 
003452 	0.541 	0.185 	0.099 	0.211 
003453 	0.542 	0.163 	0.098 	0.243 
003454 	0.542 	0.167 	0.097 	0.242 
003455 	0.540 	0.166 	0.099 	0.251 
003456 	0.540 	0.169 	0.098 	0.257 
003457 	0.539 	0.171 	0.100 	0.257 
003458 	0.536 	0.175 	0.101 	0.252 
003459 	0.536 	0.175 	0.100 	0.247 
003460 	0.534 	0.175 	0.102 	0.244 
003461 	0.535 	0.174 	0.101 	0.244 
003462 	0.534 	0.173 	0.102 	0.246 
003463 	0.534 	0.174 	0.101 	0.246 
003464 	0.534 	0.174 	0.100 	0.246 
003465 	0.533 	0.174 	0.101 	0.245 
003466 	0.532 	0.174 	0.101 	0.246 
003467 	0.531 	0.174 	0.102 	0.243 
003468 	0.531 	0.174 	0.101 	0.244 
003469 	0.531 	0.174 	0.102 	0.243 
003470 	0.532 	0.172 	0.100 	0.242 
003471 	0.532 	0.170 	0.100 	0.245 
003472 	0.534 	0.168 	0.099 	0.248 
003473 	0.534 	0.166 	0.099 	0.248 
003474 	0.535 	0.164 	0.099 	0.242 
003475 	0.541 	0.179 	0.098 	0.212 
003476 	0.545 	0.163 	0.098 	0.230 
003477 	0.548 	0.163 	0.101 	0.226 
003478 	0.550 	0.162 	0.101 	0.226 
003479 	0.553 	0.163 	0.100 	0.225 
003480 	0.555 	0.166 	0.099 	0.227 
003481 	0.557 	0.173 	0.099 	0.225 
003482 	0.556 	0.176 	0.101 	0.235 
003483 	0.558 	0.184 	0.098 	0.238 
003484 	0.560 	0.191 	0.096 	0.229 
003485 	0.560 	0.192 	0.097 	0.225 
003486 	0.561 	0.192 	0.098 	0.224 
003487 	0.561 	0.191 	0.099 	0.225 
003488 	0.561 	0.189 	0.100 	0.225 
003489 	0.561 	0.190 	0.100 	0.224 
003490 	0.562 	0.190 	0.099 	0.225 
003491 	0.562 	0.190 	0.099 	0.226 
003492 	0.561 	0.191 	0.099 	0.225 
003493 	0.560 	0.192 	0.099 	0.225 
003494 	0.560 	0.192 	0.098 	0.224 
003495 	0.560 	0.191 	0.100 	0.225 
003496 	0.560 	0.192 	0.099 	0.224 
003497 	0.559 	0.192 	0.100 	0.224 
003498 	0.559 	0.192 	0.099 	0.223 
003499 	0.559 	0.192 	0.099 	0.223 
003500 	0.559 	0.192 	0.098 	0.223 
003501 	0.558 	0.192 	0.098 	0.224 
003502 	0.558 	0.192 	0.099 	0.224 
003503 	0.558 	0.190 	0.098 	0.226 
003504 	0.557 	0.190 	0.098 	0.226 
003505 	0.557 	0.188 	0.098 	0.228 
003506 	0.556 	0.187 	0.098 	0.226 
003507 	0.554 	0.184 	0.100 	0.225 
003508 	0.554 	0.184 	0.100 	0.224 
003509 	0.552 	0.186 	0.102 	0.221 
003510 	0.549 	0.187 	0.103 	0.222 
003511 	0.547 	0.187 	0.102 	0.228 
003512 	0.546 	0.188 	0.100 	0.238 
003513 	0.545 	0.190 	0.100 	0.236 
003514 	0.543 	0.186 	0.101 	0.236 
003515 	0.542 	0.183 	0.102 	0.237 
003516 	0.540 	0.180 	0.102 	0.237 
003517 	0.541 	0.177 	0.100 	0.242 
003518 	0.540 	0.176 	0.102 	0.243 
003519 	0.540 	0.179 	0.100 	0.243 
003520 	0.539 	0.181 	0.101 	0.242 
003521 	0.535 	0.184 	0.102 	0.242 
003522 	0.534 	0.184 	0.103 	0.241 
003523 	0.534 	0.183 	0.103 	0.241 

WORD START END ASDSCORE
A 0.07 0.13 7.4
GOVERNMENT 0.13 0.51 8.2
SECTOR 0.51 0.87 9.1
AND 0.87 1.01 9.3
TALK 1.47 1.76 10.2
ABOUT 1.76 1.99 12.4
TAXES 1.99 2.70 11.0
AND 2.77 2.90 5.4
AUSTERITY 2.90 3.73 8.1
AND 4.06 4.19 6.6
THE 4.19 4.25 6.1
DAMAGE 4.25 4.63 9.3
THAT 4.63 4.73 9.9
