Text:  NEVER STUDIED ECONOMICS NOW'S YOUR CHANCE BECAUSE I'M GOING TO GIVE YOU 
Conf:  2
Ref:   1BHOflzxPjI

FRAME 	X 	Y 	W 	H 
001525 	0.475 	0.163 	0.104 	0.213 
001526 	0.475 	0.149 	0.105 	0.229 
001527 	0.472 	0.147 	0.106 	0.227 
001528 	0.470 	0.145 	0.105 	0.231 
001529 	0.468 	0.146 	0.105 	0.232 
001530 	0.463 	0.147 	0.104 	0.233 
001531 	0.459 	0.147 	0.103 	0.236 
001532 	0.456 	0.146 	0.101 	0.235 
001533 	0.453 	0.149 	0.101 	0.235 
001534 	0.451 	0.158 	0.100 	0.232 
001535 	0.449 	0.163 	0.099 	0.235 
001536 	0.449 	0.168 	0.097 	0.244 
001537 	0.447 	0.169 	0.099 	0.242 
001538 	0.449 	0.169 	0.097 	0.239 
001539 	0.449 	0.168 	0.101 	0.239 
001540 	0.451 	0.167 	0.100 	0.240 
001541 	0.450 	0.167 	0.101 	0.241 
001542 	0.450 	0.167 	0.101 	0.242 
001543 	0.449 	0.168 	0.100 	0.242 
001544 	0.447 	0.168 	0.100 	0.242 
001545 	0.446 	0.169 	0.099 	0.240 
001546 	0.445 	0.167 	0.099 	0.245 
001547 	0.443 	0.166 	0.098 	0.246 
001548 	0.442 	0.167 	0.099 	0.246 
001549 	0.440 	0.166 	0.099 	0.247 
001550 	0.438 	0.165 	0.101 	0.249 
001551 	0.438 	0.166 	0.100 	0.246 
001552 	0.439 	0.166 	0.099 	0.245 
001553 	0.438 	0.164 	0.101 	0.246 
001554 	0.437 	0.164 	0.101 	0.246 
001555 	0.437 	0.163 	0.102 	0.246 
001556 	0.437 	0.166 	0.102 	0.242 
001557 	0.439 	0.165 	0.102 	0.241 
001558 	0.442 	0.169 	0.103 	0.235 
001559 	0.446 	0.166 	0.103 	0.239 
001560 	0.450 	0.166 	0.102 	0.236 
001561 	0.452 	0.166 	0.104 	0.238 
001562 	0.454 	0.169 	0.103 	0.236 
001563 	0.455 	0.173 	0.102 	0.232 
001564 	0.455 	0.174 	0.101 	0.234 
001565 	0.454 	0.175 	0.099 	0.233 
001566 	0.453 	0.178 	0.099 	0.234 
001567 	0.450 	0.182 	0.101 	0.230 
001568 	0.446 	0.183 	0.101 	0.229 
001569 	0.441 	0.182 	0.103 	0.228 
001570 	0.439 	0.181 	0.101 	0.232 
001571 	0.435 	0.180 	0.102 	0.234 
001572 	0.432 	0.177 	0.101 	0.239 
001573 	0.428 	0.176 	0.104 	0.242 
001574 	0.423 	0.172 	0.104 	0.238 
001575 	0.419 	0.170 	0.108 	0.228 
001576 	0.417 	0.166 	0.105 	0.229 
001577 	0.415 	0.161 	0.107 	0.230 
001578 	0.412 	0.158 	0.108 	0.226 
001579 	0.410 	0.153 	0.107 	0.225 
001580 	0.409 	0.149 	0.108 	0.228 
001581 	0.409 	0.144 	0.107 	0.227 
001582 	0.411 	0.142 	0.105 	0.228 
001583 	0.413 	0.138 	0.107 	0.234 
001584 	0.416 	0.138 	0.106 	0.236 
001585 	0.419 	0.138 	0.106 	0.233 
001586 	0.422 	0.139 	0.105 	0.232 
001587 	0.424 	0.138 	0.105 	0.230 
001588 	0.426 	0.139 	0.104 	0.231 
001589 	0.428 	0.151 	0.105 	0.210 
001590 	0.428 	0.150 	0.106 	0.212 
001591 	0.430 	0.152 	0.107 	0.216 
001592 	0.434 	0.137 	0.101 	0.239 
001593 	0.437 	0.137 	0.099 	0.241 
001594 	0.439 	0.134 	0.098 	0.244 
001595 	0.441 	0.134 	0.099 	0.243 
001596 	0.443 	0.130 	0.100 	0.236 
001597 	0.445 	0.128 	0.101 	0.233 
001598 	0.448 	0.128 	0.098 	0.231 
001599 	0.449 	0.131 	0.098 	0.231 
001600 	0.448 	0.135 	0.099 	0.226 
001601 	0.448 	0.137 	0.099 	0.225 
001602 	0.447 	0.140 	0.097 	0.227 
001603 	0.445 	0.137 	0.098 	0.238 
001604 	0.440 	0.135 	0.101 	0.235 
001605 	0.436 	0.134 	0.103 	0.232 
001606 	0.432 	0.152 	0.100 	0.199 
001607 	0.425 	0.154 	0.102 	0.205 
001608 	0.420 	0.147 	0.101 	0.223 
001609 	0.412 	0.150 	0.102 	0.221 
001610 	0.403 	0.148 	0.102 	0.222 
001611 	0.395 	0.144 	0.102 	0.226 
001612 	0.386 	0.138 	0.102 	0.229 
001613 	0.379 	0.141 	0.102 	0.216 
001614 	0.371 	0.125 	0.102 	0.239 
001615 	0.364 	0.127 	0.103 	0.235 
001616 	0.357 	0.130 	0.101 	0.236 
001617 	0.351 	0.132 	0.099 	0.238 
001618 	0.345 	0.140 	0.101 	0.233 
001619 	0.338 	0.146 	0.102 	0.232 

WORD START END ASDSCORE
NEVER 0.09 0.28 7.2
STUDIED 0.28 0.63 6.7
ECONOMICS 0.63 1.27 5.4
NOW'S 1.79 2.05 5.7
YOUR 2.05 2.17 8.1
CHANCE 2.17 2.69 8.4
BECAUSE 2.85 3.05 4.9
I'M 3.05 3.22 6.8
GOING 3.22 3.38 6.8
TO 3.38 3.46 5.7
GIVE 3.46 3.59 5.3
YOU 3.59 3.67 6.1
