Text:  INGENUITY TO CAPTURE THAT ENERGY AND PUT IT TO USE 
Conf:  4
Ref:   1BHOflzxPjI

FRAME 	X 	Y 	W 	H 
004306 	0.435 	0.142 	0.101 	0.241 
004307 	0.430 	0.167 	0.100 	0.214 
004308 	0.424 	0.152 	0.104 	0.235 
004309 	0.421 	0.152 	0.104 	0.232 
004310 	0.421 	0.149 	0.100 	0.231 
004311 	0.418 	0.150 	0.100 	0.230 
004312 	0.415 	0.152 	0.100 	0.227 
004313 	0.411 	0.156 	0.101 	0.228 
004314 	0.410 	0.159 	0.100 	0.229 
004315 	0.410 	0.159 	0.098 	0.232 
004316 	0.409 	0.157 	0.098 	0.235 
004317 	0.408 	0.157 	0.098 	0.234 
004318 	0.408 	0.160 	0.098 	0.230 
004319 	0.408 	0.163 	0.099 	0.226 
004320 	0.407 	0.166 	0.099 	0.225 
004321 	0.407 	0.169 	0.100 	0.227 
004322 	0.407 	0.171 	0.100 	0.229 
004323 	0.407 	0.173 	0.100 	0.228 
004324 	0.406 	0.173 	0.100 	0.229 
004325 	0.407 	0.174 	0.099 	0.226 
004326 	0.407 	0.174 	0.098 	0.227 
004327 	0.407 	0.172 	0.099 	0.228 
004328 	0.406 	0.173 	0.101 	0.225 
004329 	0.406 	0.170 	0.100 	0.228 
004330 	0.406 	0.169 	0.100 	0.227 
004331 	0.406 	0.166 	0.101 	0.228 
004332 	0.407 	0.163 	0.100 	0.230 
004333 	0.408 	0.163 	0.101 	0.229 
004334 	0.409 	0.163 	0.101 	0.231 
004335 	0.410 	0.165 	0.102 	0.231 
004336 	0.411 	0.169 	0.102 	0.229 
004337 	0.413 	0.176 	0.097 	0.241 
004338 	0.414 	0.191 	0.097 	0.251 
004339 	0.415 	0.208 	0.095 	0.261 
004340 	0.417 	0.229 	0.096 	0.254 
004341 	0.419 	0.252 	0.101 	0.233 
004342 	0.422 	0.277 	0.104 	0.210 
004343 	0.429 	0.287 	0.101 	0.205 
004344 	0.433 	0.285 	0.099 	0.204 
004345 	0.438 	0.273 	0.101 	0.203 
004346 	0.444 	0.247 	0.100 	0.225 
004347 	0.453 	0.237 	0.097 	0.228 
004348 	0.461 	0.232 	0.099 	0.227 
004349 	0.468 	0.227 	0.101 	0.228 
004350 	0.474 	0.240 	0.104 	0.207 
004351 	0.484 	0.240 	0.101 	0.206 
004352 	0.491 	0.231 	0.101 	0.203 
004353 	0.501 	0.225 	0.101 	0.200 
004354 	0.511 	0.222 	0.099 	0.197 
004355 	0.516 	0.195 	0.101 	0.226 
004356 	0.522 	0.192 	0.101 	0.228 
004357 	0.528 	0.209 	0.101 	0.207 
004358 	0.533 	0.208 	0.101 	0.205 
004359 	0.539 	0.211 	0.098 	0.203 
004360 	0.541 	0.185 	0.100 	0.231 
004361 	0.542 	0.183 	0.101 	0.234 
004362 	0.544 	0.182 	0.101 	0.236 
004363 	0.546 	0.182 	0.101 	0.234 
004364 	0.547 	0.183 	0.101 	0.234 
004365 	0.547 	0.182 	0.102 	0.235 
004366 	0.549 	0.180 	0.101 	0.235 
004367 	0.549 	0.178 	0.101 	0.236 
004368 	0.548 	0.174 	0.102 	0.241 
004369 	0.548 	0.172 	0.101 	0.247 
004370 	0.547 	0.171 	0.101 	0.241 
004371 	0.546 	0.169 	0.101 	0.232 
004372 	0.541 	0.181 	0.104 	0.208 
004373 	0.538 	0.181 	0.103 	0.209 
004374 	0.537 	0.183 	0.103 	0.219 
004375 	0.532 	0.173 	0.102 	0.233 
004376 	0.528 	0.176 	0.102 	0.232 
004377 	0.524 	0.176 	0.100 	0.231 
004378 	0.517 	0.176 	0.101 	0.232 
004379 	0.511 	0.174 	0.101 	0.232 
004380 	0.505 	0.172 	0.102 	0.232 
004381 	0.499 	0.173 	0.102 	0.230 
004382 	0.492 	0.175 	0.101 	0.229 
004383 	0.486 	0.192 	0.102 	0.211 
004384 	0.479 	0.192 	0.102 	0.210 
004385 	0.473 	0.177 	0.103 	0.232 
004386 	0.466 	0.183 	0.103 	0.224 
004387 	0.461 	0.188 	0.098 	0.219 
004388 	0.454 	0.193 	0.098 	0.218 
004389 	0.448 	0.193 	0.101 	0.221 
004390 	0.441 	0.192 	0.101 	0.225 
004391 	0.437 	0.191 	0.101 	0.225 
004392 	0.432 	0.205 	0.102 	0.206 
004393 	0.430 	0.206 	0.101 	0.207 
004394 	0.426 	0.204 	0.103 	0.206 
004395 	0.423 	0.202 	0.103 	0.208 
004396 	0.421 	0.189 	0.103 	0.225 

WORD START END ASDSCORE
INGENUITY 0.07 0.90 10.1
TO 1.05 1.15 7.0
CAPTURE 1.15 1.58 8.2
THAT 1.58 1.77 9.6
ENERGY 1.77 2.26 7.8
AND 2.50 2.67 7.6
PUT 2.67 2.86 7.2
IT 2.86 2.97 5.6
TO 2.97 3.07 3.5
USE 3.07 3.53 2.8
