Text:  AND SO I WENT TO UNIVERSITY TO STUDY 
Conf:  6
Ref:   1BHOflzxPjI

FRAME 	X 	Y 	W 	H 
001087 	0.456 	0.167 	0.103 	0.244 
001088 	0.455 	0.168 	0.103 	0.245 
001089 	0.456 	0.165 	0.102 	0.244 
001090 	0.454 	0.166 	0.102 	0.241 
001091 	0.451 	0.166 	0.103 	0.236 
001092 	0.448 	0.165 	0.103 	0.231 
001093 	0.443 	0.156 	0.103 	0.233 
001094 	0.436 	0.166 	0.105 	0.217 
001095 	0.434 	0.164 	0.102 	0.210 
001096 	0.432 	0.165 	0.100 	0.208 
001097 	0.425 	0.147 	0.103 	0.246 
001098 	0.425 	0.147 	0.102 	0.247 
001099 	0.426 	0.148 	0.100 	0.247 
001100 	0.426 	0.149 	0.101 	0.247 
001101 	0.427 	0.155 	0.100 	0.248 
001102 	0.427 	0.156 	0.100 	0.247 
001103 	0.426 	0.158 	0.101 	0.244 
001104 	0.426 	0.155 	0.101 	0.246 
001105 	0.425 	0.151 	0.100 	0.243 
001106 	0.424 	0.153 	0.100 	0.241 
001107 	0.423 	0.155 	0.101 	0.238 
001108 	0.423 	0.156 	0.101 	0.239 
001109 	0.423 	0.159 	0.101 	0.238 
001110 	0.422 	0.161 	0.100 	0.238 
001111 	0.422 	0.163 	0.099 	0.241 
001112 	0.422 	0.163 	0.099 	0.237 
001113 	0.421 	0.160 	0.101 	0.239 
001114 	0.419 	0.159 	0.102 	0.239 
001115 	0.421 	0.162 	0.101 	0.237 
001116 	0.420 	0.161 	0.102 	0.237 
001117 	0.419 	0.163 	0.102 	0.236 
001118 	0.418 	0.165 	0.103 	0.237 
001119 	0.418 	0.165 	0.103 	0.236 
001120 	0.419 	0.164 	0.102 	0.239 
001121 	0.418 	0.163 	0.102 	0.239 
001122 	0.418 	0.162 	0.102 	0.241 
001123 	0.416 	0.164 	0.103 	0.238 
001124 	0.416 	0.163 	0.102 	0.239 
001125 	0.417 	0.163 	0.102 	0.237 
001126 	0.416 	0.163 	0.104 	0.238 
001127 	0.415 	0.164 	0.104 	0.236 
001128 	0.415 	0.164 	0.104 	0.235 
001129 	0.415 	0.163 	0.105 	0.234 
001130 	0.415 	0.163 	0.104 	0.234 
001131 	0.415 	0.164 	0.105 	0.235 
001132 	0.415 	0.163 	0.104 	0.235 
001133 	0.414 	0.162 	0.105 	0.236 
001134 	0.415 	0.163 	0.105 	0.237 
001135 	0.415 	0.163 	0.104 	0.238 
001136 	0.416 	0.164 	0.103 	0.235 
001137 	0.415 	0.164 	0.103 	0.235 
001138 	0.416 	0.161 	0.104 	0.236 
001139 	0.417 	0.160 	0.102 	0.234 
001140 	0.418 	0.156 	0.103 	0.234 
001141 	0.421 	0.152 	0.105 	0.235 
001142 	0.423 	0.151 	0.106 	0.233 
001143 	0.425 	0.153 	0.106 	0.233 
001144 	0.428 	0.153 	0.104 	0.236 
001145 	0.430 	0.158 	0.102 	0.237 
001146 	0.428 	0.176 	0.105 	0.217 
001147 	0.432 	0.164 	0.102 	0.238 
001148 	0.432 	0.169 	0.101 	0.239 
001149 	0.432 	0.173 	0.102 	0.240 
001150 	0.433 	0.178 	0.101 	0.239 
001151 	0.433 	0.183 	0.099 	0.237 

WORD START END ASDSCORE
AND 0.09 0.23 4.9
SO 0.23 0.36 10.6
I 0.36 0.45 12.3
WENT 0.45 0.62 13.2
TO 0.62 0.73 11.4
UNIVERSITY 0.73 1.52 7.0
TO 2.02 2.14 2.8
STUDY 2.14 2.49 4.0
