Text:  OF THE COLLABORATIVE COMMONS YOU'RE IGNORING ONE OF THE MOST DYNAMIC AND DISRUPTIVE 
Conf:  2
Ref:   1BHOflzxPjI

FRAME 	X 	Y 	W 	H 
006264 	0.354 	0.135 	0.101 	0.233 
006265 	0.352 	0.130 	0.101 	0.239 
006266 	0.350 	0.127 	0.099 	0.240 
006267 	0.348 	0.123 	0.100 	0.241 
006268 	0.345 	0.115 	0.101 	0.241 
006269 	0.344 	0.111 	0.101 	0.236 
006270 	0.344 	0.107 	0.100 	0.237 
006271 	0.344 	0.106 	0.101 	0.240 
006272 	0.344 	0.107 	0.100 	0.241 
006273 	0.345 	0.111 	0.100 	0.237 
006274 	0.346 	0.115 	0.100 	0.235 
006275 	0.347 	0.121 	0.100 	0.235 
006276 	0.347 	0.126 	0.101 	0.234 
006277 	0.348 	0.130 	0.099 	0.238 
006278 	0.349 	0.133 	0.099 	0.241 
006279 	0.349 	0.133 	0.099 	0.232 
006280 	0.350 	0.132 	0.099 	0.228 
006281 	0.350 	0.129 	0.099 	0.227 
006282 	0.352 	0.127 	0.098 	0.226 
006283 	0.353 	0.125 	0.099 	0.227 
006284 	0.354 	0.127 	0.100 	0.227 
006285 	0.355 	0.128 	0.101 	0.226 
006286 	0.355 	0.129 	0.103 	0.223 
006287 	0.357 	0.131 	0.101 	0.223 
006288 	0.358 	0.132 	0.101 	0.226 
006289 	0.359 	0.134 	0.099 	0.229 
006290 	0.361 	0.137 	0.096 	0.236 
006291 	0.361 	0.141 	0.096 	0.238 
006292 	0.361 	0.144 	0.097 	0.233 
006293 	0.361 	0.148 	0.099 	0.226 
006294 	0.361 	0.152 	0.100 	0.223 
006295 	0.361 	0.156 	0.101 	0.221 
006296 	0.360 	0.169 	0.102 	0.204 
006297 	0.361 	0.170 	0.103 	0.202 
006298 	0.363 	0.170 	0.102 	0.203 
006299 	0.364 	0.169 	0.102 	0.203 
006300 	0.366 	0.170 	0.102 	0.202 
006301 	0.367 	0.168 	0.102 	0.203 
006302 	0.368 	0.169 	0.101 	0.203 
006303 	0.369 	0.170 	0.101 	0.201 
006304 	0.370 	0.169 	0.100 	0.201 
006305 	0.370 	0.168 	0.101 	0.202 
006306 	0.371 	0.168 	0.101 	0.202 
006307 	0.371 	0.168 	0.101 	0.201 
006308 	0.371 	0.169 	0.100 	0.203 
006309 	0.372 	0.169 	0.100 	0.202 
006310 	0.372 	0.168 	0.100 	0.199 
006311 	0.372 	0.167 	0.100 	0.201 
006312 	0.371 	0.166 	0.100 	0.200 
006313 	0.369 	0.164 	0.099 	0.202 
006314 	0.368 	0.161 	0.099 	0.202 
006315 	0.365 	0.156 	0.100 	0.206 
006316 	0.367 	0.139 	0.098 	0.226 
006317 	0.365 	0.138 	0.099 	0.228 
006318 	0.363 	0.135 	0.099 	0.227 
006319 	0.363 	0.132 	0.099 	0.227 
006320 	0.363 	0.129 	0.098 	0.229 
006321 	0.364 	0.126 	0.098 	0.229 
006322 	0.365 	0.124 	0.097 	0.232 
006323 	0.365 	0.125 	0.099 	0.230 
006324 	0.366 	0.126 	0.099 	0.229 
006325 	0.367 	0.124 	0.100 	0.232 
006326 	0.367 	0.123 	0.101 	0.234 
006327 	0.370 	0.120 	0.100 	0.232 
006328 	0.375 	0.137 	0.101 	0.207 
006329 	0.379 	0.138 	0.101 	0.205 
006330 	0.387 	0.122 	0.100 	0.225 
006331 	0.394 	0.133 	0.100 	0.201 
006332 	0.403 	0.118 	0.098 	0.221 
006333 	0.408 	0.132 	0.101 	0.200 
006334 	0.417 	0.130 	0.099 	0.201 
006335 	0.424 	0.131 	0.100 	0.203 
006336 	0.429 	0.131 	0.101 	0.206 
006337 	0.437 	0.133 	0.098 	0.202 
006338 	0.439 	0.134 	0.102 	0.204 
006339 	0.445 	0.136 	0.101 	0.201 
006340 	0.452 	0.128 	0.096 	0.221 
006341 	0.457 	0.130 	0.096 	0.229 
006342 	0.461 	0.134 	0.095 	0.230 
006343 	0.465 	0.140 	0.097 	0.228 
006344 	0.469 	0.146 	0.100 	0.227 
006345 	0.474 	0.151 	0.099 	0.229 
006346 	0.479 	0.149 	0.098 	0.244 
006347 	0.482 	0.152 	0.098 	0.240 
006348 	0.485 	0.170 	0.098 	0.214 
006349 	0.486 	0.169 	0.099 	0.211 
006350 	0.488 	0.172 	0.101 	0.206 
006351 	0.489 	0.172 	0.102 	0.207 
006352 	0.490 	0.169 	0.101 	0.209 
006353 	0.491 	0.169 	0.100 	0.204 
006354 	0.490 	0.166 	0.101 	0.209 
006355 	0.492 	0.145 	0.098 	0.234 
006356 	0.491 	0.139 	0.098 	0.239 
006357 	0.488 	0.155 	0.098 	0.213 
006358 	0.487 	0.152 	0.097 	0.211 
006359 	0.487 	0.147 	0.097 	0.213 
006360 	0.488 	0.145 	0.095 	0.214 
006361 	0.482 	0.127 	0.096 	0.238 
006362 	0.482 	0.143 	0.091 	0.210 
006363 	0.479 	0.127 	0.097 	0.232 
006364 	0.478 	0.145 	0.090 	0.211 
006365 	0.474 	0.146 	0.092 	0.211 
006366 	0.472 	0.147 	0.089 	0.213 
006367 	0.465 	0.147 	0.090 	0.207 
006368 	0.462 	0.151 	0.093 	0.199 
006369 	0.458 	0.151 	0.090 	0.194 
006370 	0.455 	0.151 	0.090 	0.206 
006371 	0.451 	0.150 	0.090 	0.211 
006372 	0.448 	0.149 	0.088 	0.212 
006373 	0.443 	0.148 	0.091 	0.213 
006374 	0.439 	0.151 	0.096 	0.205 
006375 	0.435 	0.149 	0.096 	0.208 
006376 	0.431 	0.145 	0.095 	0.209 
006377 	0.424 	0.147 	0.091 	0.207 
006378 	0.420 	0.145 	0.090 	0.212 
006379 	0.412 	0.131 	0.096 	0.230 

WORD START END ASDSCORE
OF 0.07 0.20 5.6
THE 0.20 0.27 6.8
COLLABORATIVE 0.27 0.93 8.8
COMMONS 0.95 1.60 8.8
YOU'RE 1.88 2.07 8.8
IGNORING 2.07 2.52 7.0
ONE 2.52 2.63 8.3
OF 2.63 2.70 8.3
THE 2.70 2.76 9.1
MOST 2.76 2.94 9.8
DYNAMIC 2.94 3.60 9.2
AND 3.63 3.81 10.2
DISRUPTIVE 3.81 4.52 10.9
