Text:  YOU TAKE THESE FOUR CRITIQUES TO YOUR TYPICAL ECONOMICS PROFESSOR WHAT WILL THEY SAY 
Conf:  2
Ref:   1BHOflzxPjI

FRAME 	X 	Y 	W 	H 
007481 	0.425 	0.151 	0.091 	0.192 
007482 	0.423 	0.149 	0.089 	0.190 
007483 	0.420 	0.149 	0.088 	0.190 
007484 	0.416 	0.146 	0.086 	0.190 
007485 	0.413 	0.146 	0.087 	0.189 
007486 	0.410 	0.146 	0.086 	0.194 
007487 	0.409 	0.155 	0.082 	0.196 
007488 	0.407 	0.160 	0.084 	0.194 
007489 	0.402 	0.159 	0.084 	0.202 
007490 	0.399 	0.155 	0.084 	0.202 
007491 	0.397 	0.148 	0.083 	0.198 
007492 	0.393 	0.145 	0.085 	0.199 
007493 	0.387 	0.144 	0.086 	0.201 
007494 	0.383 	0.150 	0.086 	0.194 
007495 	0.378 	0.148 	0.088 	0.197 
007496 	0.376 	0.149 	0.085 	0.197 
007497 	0.373 	0.152 	0.085 	0.196 
007498 	0.371 	0.155 	0.086 	0.194 
007499 	0.371 	0.156 	0.083 	0.194 
007500 	0.371 	0.158 	0.084 	0.191 
007501 	0.372 	0.158 	0.083 	0.193 
007502 	0.375 	0.154 	0.085 	0.195 
007503 	0.378 	0.153 	0.088 	0.193 
007504 	0.382 	0.155 	0.089 	0.188 
007505 	0.387 	0.161 	0.087 	0.187 
007506 	0.392 	0.161 	0.087 	0.188 
007507 	0.395 	0.160 	0.089 	0.187 
007508 	0.400 	0.160 	0.090 	0.187 
007509 	0.405 	0.162 	0.090 	0.185 
007510 	0.411 	0.160 	0.088 	0.188 
007511 	0.419 	0.155 	0.089 	0.189 
007512 	0.426 	0.153 	0.091 	0.187 
007513 	0.434 	0.154 	0.092 	0.185 
007514 	0.442 	0.155 	0.090 	0.183 
007515 	0.452 	0.155 	0.091 	0.186 
007516 	0.460 	0.158 	0.089 	0.183 
007517 	0.467 	0.158 	0.088 	0.186 
007518 	0.471 	0.155 	0.090 	0.188 
007519 	0.475 	0.156 	0.091 	0.188 
007520 	0.480 	0.156 	0.090 	0.191 
007521 	0.484 	0.156 	0.092 	0.193 
007522 	0.491 	0.158 	0.091 	0.191 
007523 	0.499 	0.154 	0.089 	0.193 
007524 	0.503 	0.151 	0.090 	0.193 
007525 	0.506 	0.149 	0.092 	0.194 
007526 	0.508 	0.147 	0.092 	0.192 
007527 	0.509 	0.146 	0.095 	0.197 
007528 	0.509 	0.150 	0.092 	0.195 
007529 	0.509 	0.150 	0.089 	0.196 
007530 	0.507 	0.151 	0.090 	0.195 
007531 	0.507 	0.154 	0.089 	0.194 
007532 	0.507 	0.155 	0.089 	0.194 
007533 	0.507 	0.153 	0.089 	0.193 
007534 	0.506 	0.152 	0.090 	0.190 
007535 	0.507 	0.152 	0.089 	0.192 
007536 	0.508 	0.153 	0.088 	0.193 
007537 	0.507 	0.152 	0.089 	0.189 
007538 	0.506 	0.150 	0.090 	0.189 
007539 	0.505 	0.149 	0.090 	0.191 
007540 	0.507 	0.149 	0.090 	0.190 
007541 	0.510 	0.152 	0.090 	0.188 
007542 	0.513 	0.155 	0.090 	0.190 
007543 	0.518 	0.161 	0.088 	0.192 
007544 	0.521 	0.162 	0.088 	0.189 
007545 	0.524 	0.161 	0.088 	0.189 
007546 	0.526 	0.163 	0.089 	0.188 
007547 	0.527 	0.164 	0.088 	0.187 
007548 	0.528 	0.163 	0.088 	0.188 
007549 	0.529 	0.160 	0.087 	0.192 
007550 	0.529 	0.159 	0.088 	0.191 
007551 	0.528 	0.161 	0.087 	0.189 
007552 	0.526 	0.162 	0.088 	0.186 
007553 	0.526 	0.160 	0.088 	0.186 
007554 	0.526 	0.159 	0.089 	0.185 
007555 	0.525 	0.161 	0.090 	0.184 
007556 	0.525 	0.161 	0.089 	0.184 
007557 	0.525 	0.161 	0.089 	0.184 
007558 	0.525 	0.160 	0.089 	0.185 
007559 	0.525 	0.160 	0.089 	0.186 
007560 	0.525 	0.160 	0.089 	0.187 
007561 	0.526 	0.160 	0.088 	0.188 
007562 	0.526 	0.159 	0.088 	0.188 
007563 	0.527 	0.159 	0.088 	0.188 
007564 	0.527 	0.160 	0.088 	0.187 
007565 	0.528 	0.160 	0.088 	0.188 
007566 	0.528 	0.161 	0.088 	0.187 
007567 	0.528 	0.160 	0.088 	0.187 
007568 	0.528 	0.158 	0.089 	0.189 
007569 	0.528 	0.158 	0.088 	0.190 
007570 	0.528 	0.158 	0.088 	0.190 
007571 	0.529 	0.159 	0.087 	0.191 
007572 	0.529 	0.158 	0.086 	0.192 
007573 	0.529 	0.155 	0.085 	0.192 
007574 	0.529 	0.153 	0.085 	0.195 
007575 	0.528 	0.148 	0.086 	0.200 
007576 	0.526 	0.147 	0.087 	0.201 
007577 	0.525 	0.147 	0.088 	0.195 
007578 	0.526 	0.146 	0.087 	0.195 
007579 	0.524 	0.148 	0.089 	0.193 
007580 	0.524 	0.149 	0.089 	0.194 
007581 	0.524 	0.151 	0.088 	0.195 
007582 	0.524 	0.151 	0.088 	0.194 
007583 	0.523 	0.153 	0.089 	0.190 
007584 	0.523 	0.153 	0.089 	0.190 
007585 	0.523 	0.153 	0.089 	0.190 
007586 	0.523 	0.153 	0.088 	0.189 
007587 	0.523 	0.153 	0.088 	0.192 
007588 	0.524 	0.153 	0.087 	0.195 
007589 	0.523 	0.154 	0.087 	0.196 
007590 	0.522 	0.154 	0.088 	0.196 
007591 	0.522 	0.154 	0.088 	0.195 
007592 	0.521 	0.155 	0.088 	0.192 
007593 	0.521 	0.155 	0.089 	0.192 
007594 	0.520 	0.154 	0.089 	0.189 
007595 	0.520 	0.154 	0.090 	0.185 

WORD START END ASDSCORE
YOU 0.07 0.17 3.5
TAKE 0.17 0.44 6.9
THESE 0.44 0.68 6.1
FOUR 0.68 0.84 5.9
CRITIQUES 0.84 1.30 7.7
TO 1.30 1.36 8.0
YOUR 1.36 1.49 7.1
TYPICAL 1.49 1.84 4.3
ECONOMICS 1.84 2.26 6.6
PROFESSOR 2.26 2.80 11.5
WHAT 2.80 2.91 9.7
WILL 3.67 3.92 7.0
THEY 3.92 4.07 10.8
SAY 4.07 4.49 13.4
