Text:  THINK YOU ACTUALLY WANT THE POLITICS DEPARTMENT I MEAN ALL THESE 
Conf:  2
Ref:   1BHOflzxPjI

FRAME 	X 	Y 	W 	H 
008029 	0.530 	0.147 	0.077 	0.207 
008030 	0.532 	0.147 	0.078 	0.211 
008031 	0.534 	0.152 	0.081 	0.204 
008032 	0.535 	0.153 	0.086 	0.197 
008033 	0.536 	0.155 	0.087 	0.196 
008034 	0.533 	0.156 	0.088 	0.193 
008035 	0.530 	0.159 	0.087 	0.189 
008036 	0.524 	0.163 	0.087 	0.188 
008037 	0.516 	0.168 	0.090 	0.180 
008038 	0.509 	0.171 	0.089 	0.183 
008039 	0.503 	0.176 	0.087 	0.183 
008040 	0.494 	0.176 	0.088 	0.184 
008041 	0.487 	0.172 	0.089 	0.185 
008042 	0.480 	0.168 	0.088 	0.191 
008043 	0.473 	0.170 	0.088 	0.189 
008044 	0.465 	0.169 	0.088 	0.185 
008045 	0.458 	0.158 	0.088 	0.189 
008046 	0.450 	0.151 	0.087 	0.191 
008047 	0.443 	0.147 	0.088 	0.192 
008048 	0.436 	0.147 	0.092 	0.188 
008049 	0.429 	0.148 	0.088 	0.188 
008050 	0.423 	0.148 	0.087 	0.183 
008051 	0.416 	0.148 	0.087 	0.187 
008052 	0.410 	0.147 	0.091 	0.192 
008053 	0.402 	0.144 	0.090 	0.197 
008054 	0.398 	0.147 	0.089 	0.190 
008055 	0.394 	0.148 	0.087 	0.188 
008056 	0.392 	0.148 	0.087 	0.186 
008057 	0.387 	0.146 	0.089 	0.189 
008058 	0.384 	0.148 	0.088 	0.187 
008059 	0.382 	0.152 	0.088 	0.193 
008060 	0.380 	0.158 	0.086 	0.191 
008061 	0.377 	0.168 	0.087 	0.187 
008062 	0.374 	0.170 	0.088 	0.189 
008063 	0.373 	0.170 	0.087 	0.187 
008064 	0.373 	0.166 	0.087 	0.188 
008065 	0.375 	0.162 	0.087 	0.191 
008066 	0.377 	0.160 	0.087 	0.190 
008067 	0.379 	0.158 	0.089 	0.189 
008068 	0.385 	0.162 	0.088 	0.187 
008069 	0.393 	0.159 	0.087 	0.188 
008070 	0.397 	0.155 	0.090 	0.191 
008071 	0.405 	0.154 	0.091 	0.188 
008072 	0.414 	0.151 	0.088 	0.193 
008073 	0.422 	0.150 	0.089 	0.190 
008074 	0.431 	0.150 	0.092 	0.189 
008075 	0.440 	0.151 	0.089 	0.186 
008076 	0.451 	0.149 	0.090 	0.179 
008077 	0.461 	0.148 	0.094 	0.180 
008078 	0.472 	0.146 	0.091 	0.183 
008079 	0.483 	0.146 	0.092 	0.176 
008080 	0.493 	0.145 	0.091 	0.186 
008081 	0.504 	0.146 	0.091 	0.182 
008082 	0.514 	0.149 	0.092 	0.178 
008083 	0.522 	0.150 	0.092 	0.181 
008084 	0.532 	0.154 	0.092 	0.175 
008085 	0.538 	0.154 	0.094 	0.177 
008086 	0.544 	0.152 	0.092 	0.186 
008087 	0.550 	0.153 	0.091 	0.189 
008088 	0.554 	0.156 	0.091 	0.185 
008089 	0.559 	0.158 	0.090 	0.186 
008090 	0.561 	0.160 	0.090 	0.186 
008091 	0.563 	0.162 	0.090 	0.183 
008092 	0.563 	0.162 	0.092 	0.182 
008093 	0.563 	0.163 	0.092 	0.182 
008094 	0.563 	0.161 	0.092 	0.185 
008095 	0.563 	0.162 	0.091 	0.184 
008096 	0.563 	0.160 	0.090 	0.188 
008097 	0.562 	0.158 	0.090 	0.192 
008098 	0.562 	0.158 	0.090 	0.193 
008099 	0.561 	0.158 	0.089 	0.193 
008100 	0.561 	0.158 	0.089 	0.193 
008101 	0.561 	0.158 	0.089 	0.192 
008102 	0.561 	0.157 	0.089 	0.194 
008103 	0.560 	0.157 	0.090 	0.194 
008104 	0.560 	0.156 	0.089 	0.194 
008105 	0.560 	0.156 	0.089 	0.194 
008106 	0.560 	0.155 	0.089 	0.195 
008107 	0.560 	0.155 	0.089 	0.195 
008108 	0.560 	0.155 	0.089 	0.195 
008109 	0.560 	0.156 	0.089 	0.194 
008110 	0.560 	0.155 	0.089 	0.195 
008111 	0.560 	0.155 	0.089 	0.195 
008112 	0.559 	0.155 	0.089 	0.194 
008113 	0.559 	0.155 	0.088 	0.195 
008114 	0.559 	0.155 	0.089 	0.196 
008115 	0.558 	0.155 	0.089 	0.195 
008116 	0.558 	0.154 	0.089 	0.197 
008117 	0.558 	0.154 	0.089 	0.196 
008118 	0.557 	0.153 	0.090 	0.197 
008119 	0.556 	0.153 	0.089 	0.198 
008120 	0.557 	0.152 	0.087 	0.204 
008121 	0.553 	0.146 	0.091 	0.212 
008122 	0.552 	0.149 	0.090 	0.196 
008123 	0.549 	0.148 	0.091 	0.184 
008124 	0.548 	0.149 	0.090 	0.186 
008125 	0.547 	0.149 	0.088 	0.192 
008126 	0.546 	0.149 	0.087 	0.191 
008127 	0.548 	0.151 	0.085 	0.187 
008128 	0.550 	0.157 	0.085 	0.185 
008129 	0.555 	0.162 	0.086 	0.189 
008130 	0.559 	0.169 	0.091 	0.181 
008131 	0.561 	0.168 	0.100 	0.181 
008132 	0.559 	0.169 	0.092 	0.179 
008133 	0.555 	0.164 	0.088 	0.178 
008134 	0.550 	0.164 	0.086 	0.174 
008135 	0.547 	0.157 	0.086 	0.178 
008136 	0.547 	0.162 	0.085 	0.175 
008137 	0.551 	0.163 	0.088 	0.178 

WORD START END ASDSCORE
THINK 0.10 0.37 7.6
YOU 0.37 0.48 11.4
ACTUALLY 0.48 0.81 11.7
WANT 0.81 1.01 9.7
THE 1.01 1.07 8.5
POLITICS 1.07 1.55 7.5
DEPARTMENT 1.55 2.14 11.0
I 3.66 3.73 2.2
MEAN 3.73 3.89 5.4
ALL 3.89 4.08 5.5
THESE 4.08 4.26 3.4
