Text:  SO THIS DOUGHNUT YOU CAN THINK OF IT AS COMPASS FOR HUMANITY IN THE 21ST CENTURY 
Conf:  4
Ref:   1BHOflzxPjI

FRAME 	X 	Y 	W 	H 
013732 	0.414 	0.178 	0.101 	0.195 
013733 	0.415 	0.180 	0.100 	0.193 
013734 	0.415 	0.180 	0.100 	0.191 
013735 	0.415 	0.177 	0.101 	0.190 
013736 	0.417 	0.177 	0.100 	0.190 
013737 	0.413 	0.167 	0.105 	0.202 
013738 	0.413 	0.165 	0.106 	0.206 
013739 	0.416 	0.170 	0.100 	0.195 
013740 	0.416 	0.168 	0.099 	0.193 
013741 	0.416 	0.164 	0.098 	0.193 
013742 	0.415 	0.161 	0.092 	0.200 
013743 	0.413 	0.162 	0.090 	0.193 
013744 	0.410 	0.163 	0.090 	0.188 
013745 	0.406 	0.158 	0.090 	0.192 
013746 	0.404 	0.157 	0.089 	0.196 
013747 	0.402 	0.154 	0.089 	0.198 
013748 	0.400 	0.155 	0.091 	0.199 
013749 	0.398 	0.156 	0.091 	0.202 
013750 	0.398 	0.160 	0.089 	0.206 
013751 	0.398 	0.162 	0.090 	0.206 
013752 	0.399 	0.161 	0.091 	0.206 
013753 	0.401 	0.158 	0.089 	0.203 
013754 	0.404 	0.155 	0.089 	0.199 
013755 	0.404 	0.155 	0.090 	0.198 
013756 	0.404 	0.154 	0.090 	0.202 
013757 	0.404 	0.154 	0.090 	0.202 
013758 	0.404 	0.140 	0.092 	0.225 
013759 	0.403 	0.144 	0.092 	0.221 
013760 	0.403 	0.145 	0.092 	0.221 
013761 	0.402 	0.145 	0.093 	0.222 
013762 	0.402 	0.145 	0.092 	0.220 
013763 	0.403 	0.144 	0.092 	0.221 
013764 	0.403 	0.155 	0.090 	0.206 
013765 	0.402 	0.142 	0.092 	0.221 
013766 	0.401 	0.158 	0.090 	0.205 
013767 	0.401 	0.160 	0.089 	0.204 
013768 	0.400 	0.160 	0.089 	0.206 
013769 	0.398 	0.161 	0.089 	0.205 
013770 	0.397 	0.161 	0.090 	0.203 
013771 	0.397 	0.160 	0.089 	0.203 
013772 	0.396 	0.161 	0.089 	0.201 
013773 	0.396 	0.161 	0.090 	0.200 
013774 	0.396 	0.161 	0.089 	0.202 
013775 	0.395 	0.161 	0.089 	0.202 
013776 	0.395 	0.163 	0.089 	0.202 
013777 	0.394 	0.162 	0.089 	0.209 
013778 	0.394 	0.160 	0.089 	0.213 
013779 	0.395 	0.161 	0.089 	0.208 
013780 	0.396 	0.159 	0.090 	0.198 
013781 	0.397 	0.156 	0.090 	0.198 
013782 	0.397 	0.152 	0.090 	0.203 
013783 	0.398 	0.149 	0.092 	0.202 
013784 	0.401 	0.146 	0.090 	0.201 
013785 	0.404 	0.128 	0.091 	0.229 
013786 	0.408 	0.132 	0.090 	0.231 
013787 	0.408 	0.131 	0.091 	0.228 
013788 	0.408 	0.144 	0.096 	0.197 
013789 	0.410 	0.148 	0.094 	0.195 
013790 	0.413 	0.158 	0.090 	0.195 
013791 	0.413 	0.165 	0.091 	0.199 
013792 	0.414 	0.169 	0.091 	0.196 
013793 	0.415 	0.170 	0.091 	0.195 
013794 	0.415 	0.170 	0.092 	0.195 
013795 	0.415 	0.169 	0.092 	0.196 
013796 	0.415 	0.169 	0.092 	0.194 
013797 	0.416 	0.169 	0.092 	0.192 
013798 	0.415 	0.170 	0.092 	0.191 
013799 	0.415 	0.170 	0.091 	0.192 
013800 	0.415 	0.170 	0.090 	0.192 
013801 	0.415 	0.169 	0.090 	0.193 
013802 	0.412 	0.167 	0.090 	0.194 
013803 	0.412 	0.168 	0.090 	0.195 
013804 	0.411 	0.167 	0.090 	0.196 
013805 	0.409 	0.166 	0.095 	0.196 
013806 	0.408 	0.166 	0.095 	0.197 
013807 	0.408 	0.168 	0.095 	0.193 
013808 	0.407 	0.167 	0.095 	0.192 
013809 	0.406 	0.168 	0.096 	0.191 
013810 	0.406 	0.170 	0.095 	0.187 
013811 	0.405 	0.167 	0.096 	0.191 
013812 	0.406 	0.170 	0.094 	0.190 
013813 	0.405 	0.171 	0.094 	0.189 
013814 	0.403 	0.171 	0.093 	0.189 
013815 	0.403 	0.171 	0.093 	0.189 
013816 	0.402 	0.168 	0.093 	0.192 
013817 	0.402 	0.167 	0.093 	0.194 
013818 	0.402 	0.165 	0.092 	0.194 
013819 	0.401 	0.163 	0.092 	0.194 
013820 	0.401 	0.163 	0.093 	0.193 
013821 	0.401 	0.166 	0.093 	0.195 
013822 	0.400 	0.167 	0.094 	0.194 
013823 	0.399 	0.163 	0.097 	0.197 
013824 	0.399 	0.167 	0.097 	0.195 
013825 	0.398 	0.167 	0.097 	0.199 
013826 	0.398 	0.170 	0.097 	0.199 
013827 	0.399 	0.171 	0.097 	0.198 
013828 	0.399 	0.170 	0.097 	0.197 
013829 	0.399 	0.169 	0.096 	0.195 
013830 	0.398 	0.167 	0.097 	0.196 
013831 	0.397 	0.167 	0.097 	0.197 
013832 	0.398 	0.170 	0.094 	0.197 
013833 	0.398 	0.172 	0.094 	0.198 
013834 	0.398 	0.174 	0.092 	0.197 
013835 	0.398 	0.176 	0.092 	0.196 
013836 	0.397 	0.178 	0.092 	0.194 
013837 	0.397 	0.180 	0.091 	0.194 
013838 	0.397 	0.179 	0.091 	0.197 
013839 	0.396 	0.181 	0.091 	0.195 
013840 	0.396 	0.180 	0.092 	0.195 
013841 	0.395 	0.180 	0.092 	0.195 
013842 	0.392 	0.176 	0.099 	0.198 
013843 	0.391 	0.175 	0.099 	0.198 
013844 	0.391 	0.174 	0.099 	0.199 
013845 	0.392 	0.172 	0.100 	0.200 

WORD START END ASDSCORE
SO 0.09 0.24 1.2
THIS 0.24 0.47 2.9
DOUGHNUT 0.47 0.83 5.4
YOU 0.83 0.90 4.7
CAN 0.90 1.05 4.8
THINK 1.05 1.30 5.4
OF 1.30 1.40 5.9
IT 1.40 1.79 4.5
AS 1.82 1.99 4.1
COMPASS 2.02 2.62 8.2
FOR 2.62 2.73 7.5
HUMANITY 2.73 3.28 7.3
IN 3.28 3.35 8.4
THE 3.35 3.42 8.2
21ST 3.42 3.82 9.7
CENTURY 3.82 4.43 10.1
