Text:  ON THESE LIFE SUPPORT SYSTEMS THAT THE PLANET GIVES US THAT WE ACTUALLY KICK 
Conf:  1
Ref:   1BHOflzxPjI

FRAME 	X 	Y 	W 	H 
011768 	0.377 	0.146 	0.095 	0.203 
011769 	0.376 	0.144 	0.096 	0.206 
011770 	0.373 	0.144 	0.098 	0.205 
011771 	0.375 	0.125 	0.093 	0.231 
011772 	0.370 	0.140 	0.098 	0.203 
011773 	0.369 	0.141 	0.098 	0.198 
011774 	0.367 	0.143 	0.097 	0.199 
011775 	0.366 	0.145 	0.098 	0.200 
011776 	0.365 	0.149 	0.098 	0.196 
011777 	0.364 	0.149 	0.099 	0.196 
011778 	0.363 	0.149 	0.099 	0.195 
011779 	0.361 	0.149 	0.099 	0.196 
011780 	0.359 	0.148 	0.100 	0.198 
011781 	0.361 	0.136 	0.098 	0.218 
011782 	0.362 	0.136 	0.096 	0.222 
011783 	0.362 	0.136 	0.095 	0.225 
011784 	0.363 	0.136 	0.095 	0.224 
011785 	0.361 	0.133 	0.096 	0.223 
011786 	0.361 	0.130 	0.096 	0.222 
011787 	0.361 	0.128 	0.096 	0.220 
011788 	0.361 	0.128 	0.096 	0.218 
011789 	0.359 	0.147 	0.097 	0.195 
011790 	0.362 	0.147 	0.091 	0.197 
011791 	0.362 	0.146 	0.092 	0.196 
011792 	0.358 	0.145 	0.097 	0.196 
011793 	0.361 	0.127 	0.094 	0.220 
011794 	0.361 	0.144 	0.090 	0.200 
011795 	0.363 	0.145 	0.090 	0.195 
011796 	0.365 	0.144 	0.091 	0.196 
011797 	0.366 	0.141 	0.092 	0.194 
011798 	0.368 	0.139 	0.093 	0.194 
011799 	0.369 	0.139 	0.093 	0.193 
011800 	0.370 	0.139 	0.092 	0.194 
011801 	0.371 	0.138 	0.091 	0.195 
011802 	0.372 	0.139 	0.090 	0.193 
011803 	0.373 	0.142 	0.090 	0.195 
011804 	0.372 	0.144 	0.093 	0.193 
011805 	0.374 	0.145 	0.092 	0.194 
011806 	0.375 	0.142 	0.090 	0.187 
011807 	0.375 	0.134 	0.092 	0.189 
011808 	0.376 	0.127 	0.092 	0.192 
011809 	0.377 	0.123 	0.092 	0.194 
011810 	0.380 	0.126 	0.092 	0.190 
011811 	0.381 	0.124 	0.092 	0.199 
011812 	0.383 	0.133 	0.091 	0.197 
011813 	0.386 	0.139 	0.089 	0.196 
011814 	0.387 	0.143 	0.090 	0.195 
011815 	0.390 	0.143 	0.091 	0.195 
011816 	0.392 	0.141 	0.093 	0.198 
011817 	0.396 	0.137 	0.093 	0.201 
011818 	0.400 	0.138 	0.092 	0.197 
011819 	0.404 	0.140 	0.095 	0.195 
011820 	0.409 	0.144 	0.094 	0.192 
011821 	0.415 	0.143 	0.091 	0.196 
011822 	0.420 	0.144 	0.091 	0.194 
011823 	0.427 	0.144 	0.091 	0.190 
011824 	0.431 	0.141 	0.095 	0.189 
011825 	0.439 	0.139 	0.091 	0.190 
011826 	0.447 	0.137 	0.092 	0.189 
011827 	0.454 	0.139 	0.092 	0.189 
011828 	0.460 	0.144 	0.093 	0.188 
011829 	0.469 	0.145 	0.091 	0.197 
011830 	0.475 	0.149 	0.092 	0.195 
011831 	0.481 	0.151 	0.092 	0.191 
011832 	0.487 	0.156 	0.093 	0.189 
011833 	0.493 	0.156 	0.091 	0.192 
011834 	0.497 	0.156 	0.091 	0.191 
011835 	0.502 	0.157 	0.089 	0.192 
011836 	0.506 	0.156 	0.090 	0.195 
011837 	0.509 	0.156 	0.089 	0.196 
011838 	0.510 	0.155 	0.089 	0.197 
011839 	0.510 	0.154 	0.089 	0.197 
011840 	0.509 	0.153 	0.089 	0.198 
011841 	0.508 	0.152 	0.088 	0.202 
011842 	0.508 	0.152 	0.086 	0.201 
011843 	0.507 	0.151 	0.086 	0.201 
011844 	0.506 	0.151 	0.087 	0.202 
011845 	0.506 	0.152 	0.088 	0.208 
011846 	0.505 	0.153 	0.087 	0.209 
011847 	0.502 	0.157 	0.086 	0.201 
011848 	0.498 	0.158 	0.086 	0.200 
011849 	0.493 	0.159 	0.086 	0.202 
011850 	0.485 	0.159 	0.088 	0.201 
011851 	0.482 	0.163 	0.084 	0.203 
011852 	0.477 	0.167 	0.083 	0.198 
011853 	0.473 	0.165 	0.084 	0.204 
011854 	0.468 	0.169 	0.084 	0.202 
011855 	0.460 	0.173 	0.086 	0.199 
011856 	0.457 	0.176 	0.084 	0.207 
011857 	0.452 	0.183 	0.085 	0.197 
011858 	0.449 	0.173 	0.086 	0.203 
011859 	0.446 	0.162 	0.085 	0.211 
011860 	0.440 	0.146 	0.086 	0.213 
011861 	0.434 	0.144 	0.088 	0.199 

WORD START END ASDSCORE
ON 0.09 0.23 7.3
THESE 0.23 0.46 8.2
LIFE 0.46 0.76 9.1
SUPPORT 0.76 1.16 8.2
SYSTEMS 1.16 1.64 6.5
THAT 1.64 1.73 4.1
THE 1.73 1.79 4.3
PLANET 1.79 2.11 6.8
GIVES 2.11 2.40 9.1
US 2.40 2.67 10.2
THAT 2.88 2.99 8.6
WE 2.99 3.07 11.2
ACTUALLY 3.07 3.35 13.8
KICK 3.42 3.66 5.3
