Text:  FOR THE LAST TWELVE THOUSAND YEARS THE CONDITIONS ON THIS PLANET HAVE BEEN 
Conf:  5
Ref:   1BHOflzxPjI

FRAME 	X 	Y 	W 	H 
011254 	0.518 	0.170 	0.085 	0.193 
011255 	0.513 	0.169 	0.090 	0.188 
011256 	0.511 	0.163 	0.090 	0.190 
011257 	0.507 	0.155 	0.091 	0.191 
011258 	0.505 	0.150 	0.091 	0.198 
011259 	0.502 	0.146 	0.089 	0.200 
011260 	0.499 	0.145 	0.087 	0.198 
011261 	0.496 	0.145 	0.085 	0.196 
011262 	0.492 	0.143 	0.087 	0.194 
011263 	0.489 	0.138 	0.093 	0.201 
011264 	0.486 	0.136 	0.089 	0.204 
011265 	0.484 	0.137 	0.089 	0.200 
011266 	0.482 	0.136 	0.088 	0.197 
011267 	0.479 	0.134 	0.086 	0.197 
011268 	0.476 	0.135 	0.085 	0.197 
011269 	0.472 	0.135 	0.085 	0.200 
011270 	0.467 	0.136 	0.085 	0.197 
011271 	0.462 	0.139 	0.087 	0.195 
011272 	0.459 	0.140 	0.087 	0.195 
011273 	0.453 	0.142 	0.089 	0.200 
011274 	0.448 	0.146 	0.087 	0.205 
011275 	0.441 	0.146 	0.087 	0.206 
011276 	0.436 	0.147 	0.093 	0.202 
011277 	0.430 	0.146 	0.090 	0.201 
011278 	0.424 	0.146 	0.090 	0.198 
011279 	0.419 	0.145 	0.089 	0.200 
011280 	0.415 	0.148 	0.088 	0.196 
011281 	0.410 	0.148 	0.092 	0.200 
011282 	0.406 	0.133 	0.090 	0.222 
011283 	0.401 	0.135 	0.092 	0.221 
011284 	0.398 	0.150 	0.091 	0.198 
011285 	0.395 	0.150 	0.091 	0.197 
011286 	0.392 	0.150 	0.090 	0.195 
011287 	0.390 	0.151 	0.090 	0.195 
011288 	0.387 	0.153 	0.090 	0.193 
011289 	0.383 	0.151 	0.094 	0.195 
011290 	0.382 	0.152 	0.094 	0.196 
011291 	0.381 	0.154 	0.094 	0.199 
011292 	0.380 	0.156 	0.094 	0.198 
011293 	0.380 	0.159 	0.095 	0.198 
011294 	0.379 	0.160 	0.096 	0.198 
011295 	0.378 	0.162 	0.096 	0.196 
011296 	0.378 	0.164 	0.095 	0.195 
011297 	0.378 	0.163 	0.096 	0.193 
011298 	0.379 	0.165 	0.095 	0.193 
011299 	0.379 	0.165 	0.096 	0.194 
011300 	0.379 	0.165 	0.095 	0.193 
011301 	0.381 	0.165 	0.094 	0.189 
011302 	0.384 	0.167 	0.090 	0.193 
011303 	0.383 	0.167 	0.091 	0.191 
011304 	0.385 	0.169 	0.091 	0.187 
011305 	0.386 	0.165 	0.090 	0.193 
011306 	0.387 	0.163 	0.089 	0.198 
011307 	0.389 	0.165 	0.090 	0.193 
011308 	0.389 	0.166 	0.090 	0.191 
011309 	0.389 	0.166 	0.091 	0.190 
011310 	0.390 	0.165 	0.092 	0.193 
011311 	0.391 	0.165 	0.091 	0.193 
011312 	0.393 	0.164 	0.090 	0.194 
011313 	0.394 	0.165 	0.090 	0.195 
011314 	0.395 	0.164 	0.091 	0.193 
011315 	0.397 	0.164 	0.090 	0.194 
011316 	0.398 	0.162 	0.089 	0.194 
011317 	0.400 	0.159 	0.089 	0.192 
011318 	0.402 	0.157 	0.090 	0.191 
011319 	0.403 	0.154 	0.090 	0.193 
011320 	0.405 	0.154 	0.092 	0.190 
011321 	0.410 	0.154 	0.092 	0.189 
011322 	0.412 	0.153 	0.090 	0.189 
011323 	0.416 	0.154 	0.090 	0.190 
011324 	0.419 	0.153 	0.091 	0.194 
011325 	0.424 	0.156 	0.091 	0.192 
011326 	0.429 	0.158 	0.090 	0.192 
011327 	0.435 	0.160 	0.094 	0.190 
011328 	0.442 	0.161 	0.086 	0.187 
011329 	0.446 	0.155 	0.089 	0.189 
011330 	0.451 	0.151 	0.092 	0.191 
011331 	0.456 	0.151 	0.092 	0.190 
011332 	0.464 	0.149 	0.093 	0.191 
011333 	0.470 	0.150 	0.086 	0.190 
011334 	0.475 	0.150 	0.086 	0.191 
011335 	0.478 	0.148 	0.090 	0.195 
011336 	0.482 	0.149 	0.089 	0.197 
011337 	0.488 	0.150 	0.095 	0.200 
011338 	0.492 	0.157 	0.087 	0.197 
011339 	0.497 	0.162 	0.086 	0.192 
011340 	0.499 	0.164 	0.087 	0.193 
011341 	0.501 	0.166 	0.086 	0.191 
011342 	0.502 	0.166 	0.088 	0.192 
011343 	0.502 	0.163 	0.089 	0.196 
011344 	0.504 	0.160 	0.088 	0.203 
011345 	0.504 	0.158 	0.089 	0.201 
011346 	0.505 	0.158 	0.088 	0.199 
011347 	0.504 	0.157 	0.086 	0.201 
011348 	0.502 	0.156 	0.085 	0.202 
011349 	0.503 	0.152 	0.082 	0.205 
011350 	0.501 	0.146 	0.080 	0.210 
011351 	0.498 	0.144 	0.082 	0.199 
011352 	0.495 	0.140 	0.083 	0.203 
011353 	0.494 	0.139 	0.076 	0.200 
011354 	0.492 	0.137 	0.076 	0.200 
011355 	0.490 	0.136 	0.078 	0.201 
011356 	0.489 	0.133 	0.078 	0.205 
011357 	0.489 	0.132 	0.078 	0.206 
011358 	0.488 	0.131 	0.079 	0.205 
011359 	0.486 	0.132 	0.079 	0.203 
011360 	0.485 	0.129 	0.079 	0.206 
011361 	0.483 	0.129 	0.080 	0.207 
011362 	0.482 	0.127 	0.081 	0.207 

WORD START END ASDSCORE
FOR 0.10 0.21 6.8
THE 0.21 0.30 7.1
LAST 0.30 0.64 8.0
TWELVE 0.64 0.95 12.8
THOUSAND 1.02 1.43 12.6
YEARS 1.43 1.98 5.1
THE 2.49 2.58 3.5
CONDITIONS 2.58 3.14 2.8
ON 3.14 3.25 2.8
THIS 3.25 3.42 2.5
PLANET 3.42 3.81 5.3
HAVE 3.81 3.93 8.8
BEEN 3.93 4.23 7.6
