Text:  THE ANSWER IS NOT FOR THE FAINT HEARTED BECAUSE AS YOU MAY WELL 
Conf:  1
Ref:   1BHOflzxPjI

FRAME 	X 	Y 	W 	H 
015142 	0.452 	0.142 	0.087 	0.186 
015143 	0.453 	0.143 	0.086 	0.183 
015144 	0.453 	0.142 	0.085 	0.186 
015145 	0.453 	0.141 	0.085 	0.189 
015146 	0.452 	0.142 	0.084 	0.190 
015147 	0.451 	0.140 	0.086 	0.190 
015148 	0.452 	0.141 	0.084 	0.188 
015149 	0.451 	0.139 	0.084 	0.189 
015150 	0.451 	0.137 	0.084 	0.189 
015151 	0.450 	0.135 	0.083 	0.190 
015152 	0.449 	0.134 	0.082 	0.188 
015153 	0.447 	0.134 	0.083 	0.188 
015154 	0.444 	0.138 	0.083 	0.183 
015155 	0.438 	0.137 	0.085 	0.183 
015156 	0.434 	0.132 	0.086 	0.186 
015157 	0.430 	0.130 	0.086 	0.190 
015158 	0.427 	0.132 	0.084 	0.189 
015159 	0.424 	0.131 	0.083 	0.186 
015160 	0.422 	0.129 	0.080 	0.190 
015161 	0.421 	0.129 	0.080 	0.191 
015162 	0.419 	0.129 	0.081 	0.191 
015163 	0.418 	0.132 	0.081 	0.191 
015164 	0.417 	0.132 	0.081 	0.191 
015165 	0.416 	0.134 	0.083 	0.191 
015166 	0.416 	0.136 	0.082 	0.191 
015167 	0.417 	0.135 	0.081 	0.192 
015168 	0.418 	0.135 	0.081 	0.190 
015169 	0.419 	0.134 	0.082 	0.187 
015170 	0.419 	0.134 	0.084 	0.187 
015171 	0.420 	0.134 	0.084 	0.188 
015172 	0.422 	0.135 	0.083 	0.191 
015173 	0.422 	0.137 	0.084 	0.194 
015174 	0.423 	0.141 	0.084 	0.189 
015175 	0.422 	0.144 	0.084 	0.186 
015176 	0.422 	0.141 	0.084 	0.189 
015177 	0.422 	0.139 	0.085 	0.189 
015178 	0.421 	0.136 	0.085 	0.190 
015179 	0.420 	0.136 	0.085 	0.190 
015180 	0.419 	0.137 	0.085 	0.188 
015181 	0.418 	0.139 	0.086 	0.188 
015182 	0.418 	0.141 	0.086 	0.190 
015183 	0.417 	0.145 	0.086 	0.183 
015184 	0.417 	0.147 	0.086 	0.181 
015185 	0.416 	0.146 	0.087 	0.185 
015186 	0.416 	0.146 	0.086 	0.181 
015187 	0.416 	0.144 	0.086 	0.186 
015188 	0.415 	0.144 	0.087 	0.186 
015189 	0.415 	0.143 	0.087 	0.187 
015190 	0.415 	0.143 	0.087 	0.187 
015191 	0.415 	0.144 	0.087 	0.186 
015192 	0.415 	0.147 	0.087 	0.180 
015193 	0.415 	0.147 	0.087 	0.180 
015194 	0.414 	0.146 	0.087 	0.184 
015195 	0.415 	0.148 	0.087 	0.180 
015196 	0.414 	0.146 	0.088 	0.184 
015197 	0.414 	0.147 	0.087 	0.181 
015198 	0.415 	0.148 	0.087 	0.180 
015199 	0.414 	0.148 	0.087 	0.180 
015200 	0.415 	0.148 	0.086 	0.182 
015201 	0.415 	0.148 	0.087 	0.183 
015202 	0.415 	0.148 	0.086 	0.182 
015203 	0.414 	0.148 	0.087 	0.182 
015204 	0.414 	0.148 	0.087 	0.182 
015205 	0.414 	0.148 	0.087 	0.182 
015206 	0.414 	0.149 	0.086 	0.181 
015207 	0.414 	0.147 	0.087 	0.183 
015208 	0.413 	0.148 	0.087 	0.181 
015209 	0.413 	0.146 	0.087 	0.183 
015210 	0.412 	0.146 	0.087 	0.182 
015211 	0.411 	0.145 	0.087 	0.183 
015212 	0.409 	0.143 	0.088 	0.184 
015213 	0.406 	0.142 	0.087 	0.184 
015214 	0.404 	0.140 	0.087 	0.183 
015215 	0.401 	0.138 	0.087 	0.186 
015216 	0.400 	0.139 	0.085 	0.186 
015217 	0.398 	0.142 	0.083 	0.184 
015218 	0.396 	0.146 	0.080 	0.187 
015219 	0.394 	0.147 	0.080 	0.188 
015220 	0.388 	0.148 	0.085 	0.184 
015221 	0.380 	0.148 	0.089 	0.184 
015222 	0.378 	0.148 	0.084 	0.184 
015223 	0.372 	0.147 	0.082 	0.182 
015224 	0.369 	0.143 	0.078 	0.185 
015225 	0.366 	0.136 	0.077 	0.194 
015226 	0.362 	0.134 	0.081 	0.200 
015227 	0.363 	0.139 	0.080 	0.196 
015228 	0.366 	0.139 	0.080 	0.188 
015229 	0.366 	0.139 	0.081 	0.189 
015230 	0.364 	0.133 	0.083 	0.194 
015231 	0.361 	0.131 	0.086 	0.189 
015232 	0.359 	0.131 	0.087 	0.187 
015233 	0.355 	0.134 	0.089 	0.185 
015234 	0.353 	0.139 	0.090 	0.183 

WORD START END ASDSCORE
THE 0.07 0.28 5.2
ANSWER 0.28 0.58 6.2
IS 0.58 0.71 2.9
NOT 0.71 0.87 4.0
FOR 0.87 1.01 6.1
THE 1.01 1.08 6.9
FAINT 1.08 1.38 8.0
HEARTED 1.38 1.79 9.7
BECAUSE 2.73 2.99 6.4
AS 2.99 3.20 10.5
YOU 3.20 3.29 12.7
MAY 3.29 3.43 14.4
WELL 3.43 3.61 14.4
