Text:  TELLS US SOMETHING DIFFERENT IT TELLS US THAT PROGRESS 
Conf:  4
Ref:   1BHOflzxPjI

FRAME 	X 	Y 	W 	H 
014642 	0.391 	0.235 	0.085 	0.184 
014643 	0.389 	0.233 	0.086 	0.183 
014644 	0.387 	0.231 	0.087 	0.182 
014645 	0.387 	0.228 	0.086 	0.183 
014646 	0.388 	0.224 	0.086 	0.188 
014647 	0.388 	0.220 	0.086 	0.189 
014648 	0.389 	0.215 	0.087 	0.192 
014649 	0.388 	0.213 	0.088 	0.190 
014650 	0.387 	0.213 	0.088 	0.187 
014651 	0.385 	0.211 	0.089 	0.184 
014652 	0.384 	0.209 	0.089 	0.185 
014653 	0.383 	0.208 	0.089 	0.184 
014654 	0.384 	0.205 	0.088 	0.183 
014655 	0.383 	0.204 	0.090 	0.179 
014656 	0.385 	0.201 	0.088 	0.184 
014657 	0.385 	0.197 	0.090 	0.187 
014658 	0.387 	0.192 	0.089 	0.191 
014659 	0.391 	0.192 	0.087 	0.189 
014660 	0.392 	0.195 	0.087 	0.184 
014661 	0.395 	0.195 	0.086 	0.181 
014662 	0.398 	0.200 	0.084 	0.181 
014663 	0.399 	0.199 	0.084 	0.183 
014664 	0.400 	0.203 	0.084 	0.185 
014665 	0.401 	0.208 	0.086 	0.183 
014666 	0.401 	0.209 	0.086 	0.184 
014667 	0.402 	0.209 	0.085 	0.185 
014668 	0.402 	0.210 	0.086 	0.185 
014669 	0.402 	0.211 	0.086 	0.184 
014670 	0.402 	0.210 	0.087 	0.184 
014671 	0.402 	0.210 	0.087 	0.183 
014672 	0.402 	0.210 	0.087 	0.182 
014673 	0.402 	0.210 	0.087 	0.183 
014674 	0.402 	0.209 	0.086 	0.183 
014675 	0.402 	0.209 	0.085 	0.182 
014676 	0.401 	0.209 	0.084 	0.179 
014677 	0.399 	0.208 	0.086 	0.182 
014678 	0.398 	0.206 	0.086 	0.183 
014679 	0.396 	0.206 	0.086 	0.185 
014680 	0.395 	0.208 	0.087 	0.183 
014681 	0.394 	0.208 	0.086 	0.185 
014682 	0.394 	0.207 	0.086 	0.187 
014683 	0.393 	0.206 	0.087 	0.188 
014684 	0.393 	0.206 	0.087 	0.188 
014685 	0.392 	0.206 	0.087 	0.189 
014686 	0.391 	0.205 	0.088 	0.189 
014687 	0.390 	0.204 	0.088 	0.188 
014688 	0.391 	0.203 	0.088 	0.185 
014689 	0.390 	0.202 	0.088 	0.184 
014690 	0.391 	0.201 	0.085 	0.183 
014691 	0.390 	0.198 	0.086 	0.190 
014692 	0.389 	0.195 	0.085 	0.192 
014693 	0.387 	0.192 	0.086 	0.183 
014694 	0.385 	0.189 	0.087 	0.183 
014695 	0.385 	0.186 	0.088 	0.183 
014696 	0.385 	0.183 	0.087 	0.183 
014697 	0.385 	0.182 	0.085 	0.180 
014698 	0.384 	0.179 	0.084 	0.179 
014699 	0.385 	0.178 	0.084 	0.181 
014700 	0.385 	0.180 	0.085 	0.179 
014701 	0.384 	0.181 	0.088 	0.181 
014702 	0.385 	0.181 	0.087 	0.183 
014703 	0.385 	0.182 	0.086 	0.183 
014704 	0.384 	0.181 	0.088 	0.186 
014705 	0.385 	0.184 	0.086 	0.190 
014706 	0.386 	0.186 	0.085 	0.192 
014707 	0.385 	0.188 	0.086 	0.189 
014708 	0.385 	0.192 	0.086 	0.185 
014709 	0.386 	0.192 	0.086 	0.187 
014710 	0.385 	0.193 	0.086 	0.188 
014711 	0.385 	0.192 	0.087 	0.188 
014712 	0.386 	0.191 	0.086 	0.192 
014713 	0.386 	0.189 	0.087 	0.189 
014714 	0.386 	0.190 	0.087 	0.187 
014715 	0.386 	0.189 	0.088 	0.186 
014716 	0.386 	0.188 	0.087 	0.186 
014717 	0.386 	0.188 	0.088 	0.185 
014718 	0.386 	0.188 	0.087 	0.184 
014719 	0.386 	0.188 	0.088 	0.184 
014720 	0.385 	0.187 	0.088 	0.184 
014721 	0.385 	0.188 	0.087 	0.183 
014722 	0.385 	0.188 	0.087 	0.183 

WORD START END ASDSCORE
TELLS 0.09 0.29 4.7
US 0.29 0.38 6.3
SOMETHING 0.38 0.62 4.5
DIFFERENT 0.62 1.10 5.6
IT 1.77 1.91 6.6
TELLS 1.91 2.14 8.1
US 2.14 2.28 9.0
THAT 2.28 2.38 9.6
PROGRESS 2.38 3.14 12.0
