Text:  WHEN IT SAT DOWN TO DO ITS BUSINESS STRATEGY SAT DOWN AROUND THIS DOUGHNUT TABLE AND SAID 
Conf:  3
Ref:   1BHOflzxPjI

FRAME 	X 	Y 	W 	H 
017685 	0.348 	0.167 	0.086 	0.184 
017686 	0.343 	0.172 	0.081 	0.181 
017687 	0.336 	0.171 	0.083 	0.184 
017688 	0.331 	0.170 	0.086 	0.181 
017689 	0.328 	0.173 	0.086 	0.185 
017690 	0.322 	0.177 	0.088 	0.186 
017691 	0.319 	0.183 	0.084 	0.184 
017692 	0.314 	0.194 	0.083 	0.173 
017693 	0.307 	0.197 	0.084 	0.175 
017694 	0.302 	0.195 	0.086 	0.176 
017695 	0.299 	0.190 	0.084 	0.189 
017696 	0.297 	0.193 	0.085 	0.184 
017697 	0.297 	0.194 	0.086 	0.182 
017698 	0.300 	0.202 	0.086 	0.175 
017699 	0.305 	0.201 	0.085 	0.173 
017700 	0.310 	0.200 	0.083 	0.177 
017701 	0.316 	0.190 	0.083 	0.183 
017702 	0.322 	0.186 	0.085 	0.179 
017703 	0.329 	0.187 	0.086 	0.173 
017704 	0.335 	0.184 	0.085 	0.178 
017705 	0.344 	0.185 	0.083 	0.177 
017706 	0.352 	0.189 	0.083 	0.176 
017707 	0.359 	0.192 	0.082 	0.179 
017708 	0.367 	0.199 	0.081 	0.176 
017709 	0.377 	0.201 	0.080 	0.173 
017710 	0.383 	0.201 	0.082 	0.172 
017711 	0.388 	0.201 	0.085 	0.174 
017712 	0.396 	0.207 	0.082 	0.170 
017713 	0.399 	0.207 	0.083 	0.179 
017714 	0.403 	0.211 	0.083 	0.178 
017715 	0.407 	0.210 	0.085 	0.177 
017716 	0.409 	0.207 	0.085 	0.176 
017717 	0.413 	0.199 	0.083 	0.182 
017718 	0.415 	0.195 	0.084 	0.186 
017719 	0.416 	0.195 	0.084 	0.181 
017720 	0.417 	0.195 	0.084 	0.180 
017721 	0.418 	0.196 	0.083 	0.185 
017722 	0.417 	0.199 	0.083 	0.186 
017723 	0.416 	0.201 	0.082 	0.183 
017724 	0.413 	0.199 	0.083 	0.181 
017725 	0.410 	0.189 	0.084 	0.181 
017726 	0.407 	0.183 	0.085 	0.183 
017727 	0.404 	0.177 	0.087 	0.187 
017728 	0.401 	0.178 	0.087 	0.188 
017729 	0.399 	0.180 	0.084 	0.188 
017730 	0.395 	0.183 	0.083 	0.183 
017731 	0.388 	0.189 	0.084 	0.182 
017732 	0.382 	0.192 	0.086 	0.178 
017733 	0.376 	0.198 	0.083 	0.177 
017734 	0.369 	0.204 	0.081 	0.175 
017735 	0.360 	0.208 	0.083 	0.178 
017736 	0.350 	0.203 	0.088 	0.179 
017737 	0.343 	0.205 	0.086 	0.182 
017738 	0.335 	0.207 	0.085 	0.180 
017739 	0.325 	0.203 	0.089 	0.182 
017740 	0.317 	0.197 	0.087 	0.187 
017741 	0.310 	0.187 	0.084 	0.185 
017742 	0.300 	0.173 	0.088 	0.186 
017743 	0.292 	0.165 	0.088 	0.183 
017744 	0.284 	0.161 	0.088 	0.181 
017745 	0.277 	0.161 	0.086 	0.186 
017746 	0.271 	0.160 	0.088 	0.194 
017747 	0.267 	0.161 	0.087 	0.191 
017748 	0.262 	0.163 	0.088 	0.188 
017749 	0.258 	0.162 	0.088 	0.187 
017750 	0.259 	0.161 	0.087 	0.186 
017751 	0.259 	0.158 	0.087 	0.185 
017752 	0.259 	0.156 	0.088 	0.185 
017753 	0.261 	0.157 	0.086 	0.187 
017754 	0.261 	0.158 	0.086 	0.188 
017755 	0.261 	0.164 	0.086 	0.187 
017756 	0.261 	0.167 	0.084 	0.192 
017757 	0.261 	0.168 	0.085 	0.189 
017758 	0.262 	0.170 	0.085 	0.187 
017759 	0.264 	0.168 	0.085 	0.188 
017760 	0.267 	0.167 	0.086 	0.186 
017761 	0.270 	0.167 	0.087 	0.186 
017762 	0.274 	0.166 	0.089 	0.186 
017763 	0.282 	0.173 	0.085 	0.183 
017764 	0.289 	0.172 	0.086 	0.183 
017765 	0.296 	0.170 	0.089 	0.187 
017766 	0.305 	0.174 	0.085 	0.184 
017767 	0.316 	0.172 	0.088 	0.179 
017768 	0.326 	0.174 	0.089 	0.169 
017769 	0.335 	0.174 	0.088 	0.175 
017770 	0.346 	0.172 	0.086 	0.175 
017771 	0.355 	0.174 	0.088 	0.175 
017772 	0.364 	0.173 	0.085 	0.179 
017773 	0.374 	0.172 	0.085 	0.179 
017774 	0.381 	0.175 	0.089 	0.177 
017775 	0.392 	0.173 	0.085 	0.184 
017776 	0.399 	0.171 	0.084 	0.192 
017777 	0.404 	0.170 	0.086 	0.191 
017778 	0.407 	0.169 	0.087 	0.183 
017779 	0.408 	0.166 	0.088 	0.184 
017780 	0.411 	0.168 	0.087 	0.183 
017781 	0.415 	0.170 	0.086 	0.184 
017782 	0.421 	0.175 	0.081 	0.185 
017783 	0.424 	0.172 	0.083 	0.191 
017784 	0.426 	0.173 	0.084 	0.182 
017785 	0.429 	0.172 	0.085 	0.183 
017786 	0.432 	0.171 	0.086 	0.185 
017787 	0.436 	0.171 	0.084 	0.183 
017788 	0.437 	0.172 	0.083 	0.184 
017789 	0.437 	0.173 	0.081 	0.187 
017790 	0.437 	0.173 	0.078 	0.191 
017791 	0.437 	0.169 	0.079 	0.195 
017792 	0.439 	0.172 	0.078 	0.190 
017793 	0.442 	0.171 	0.080 	0.196 
017794 	0.443 	0.171 	0.079 	0.197 
017795 	0.443 	0.171 	0.079 	0.193 
017796 	0.445 	0.169 	0.079 	0.191 
017797 	0.446 	0.167 	0.082 	0.191 
017798 	0.448 	0.167 	0.081 	0.185 
017799 	0.451 	0.162 	0.082 	0.187 

WORD START END ASDSCORE
WHEN 0.08 0.18 11.5
IT 0.18 0.28 11.3
SAT 0.28 0.47 11.8
DOWN 0.51 0.75 11.9
TO 0.75 0.82 10.2
DO 0.82 0.91 8.5
ITS 0.91 1.05 6.4
BUSINESS 1.05 1.36 4.6
STRATEGY 1.36 1.79 6.9
SAT 1.79 2.09 8.0
DOWN 2.09 2.31 10.7
AROUND 2.31 2.58 12.4
THIS 2.58 2.76 11.3
DOUGHNUT 2.76 3.12 9.1
TABLE 3.12 3.48 9.7
AND 3.70 4.20 10.3
SAID 4.20 4.50 13.0
