Text:  I INVITE YOU TO JOIN A GUERRILLA CAMPAIGN TO RE WRITE 
Conf:  3
Ref:   1BHOflzxPjI

FRAME 	X 	Y 	W 	H 
019924 	0.369 	0.178 	0.081 	0.192 
019925 	0.369 	0.179 	0.082 	0.190 
019926 	0.369 	0.178 	0.082 	0.189 
019927 	0.369 	0.178 	0.081 	0.188 
019928 	0.369 	0.180 	0.082 	0.185 
019929 	0.368 	0.182 	0.083 	0.185 
019930 	0.369 	0.182 	0.083 	0.184 
019931 	0.370 	0.183 	0.084 	0.182 
019932 	0.370 	0.183 	0.084 	0.183 
019933 	0.370 	0.183 	0.084 	0.179 
019934 	0.370 	0.182 	0.085 	0.180 
019935 	0.371 	0.185 	0.084 	0.180 
019936 	0.371 	0.186 	0.083 	0.179 
019937 	0.372 	0.182 	0.082 	0.186 
019938 	0.371 	0.179 	0.081 	0.188 
019939 	0.370 	0.180 	0.081 	0.185 
019940 	0.368 	0.179 	0.081 	0.181 
019941 	0.366 	0.179 	0.082 	0.182 
019942 	0.362 	0.180 	0.083 	0.182 
019943 	0.359 	0.180 	0.086 	0.183 
019944 	0.358 	0.180 	0.087 	0.182 
019945 	0.356 	0.179 	0.086 	0.181 
019946 	0.355 	0.178 	0.086 	0.183 
019947 	0.355 	0.178 	0.087 	0.182 
019948 	0.355 	0.179 	0.087 	0.180 
019949 	0.356 	0.178 	0.087 	0.182 
019950 	0.359 	0.177 	0.086 	0.181 
019951 	0.361 	0.175 	0.085 	0.180 
019952 	0.365 	0.173 	0.083 	0.184 
019953 	0.367 	0.172 	0.084 	0.182 
019954 	0.368 	0.170 	0.084 	0.184 
019955 	0.371 	0.170 	0.083 	0.183 
019956 	0.372 	0.169 	0.084 	0.183 
019957 	0.374 	0.169 	0.084 	0.184 
019958 	0.375 	0.170 	0.085 	0.184 
019959 	0.376 	0.170 	0.085 	0.184 
019960 	0.377 	0.170 	0.084 	0.183 
019961 	0.379 	0.171 	0.083 	0.183 
019962 	0.379 	0.173 	0.084 	0.184 
019963 	0.379 	0.172 	0.083 	0.185 
019964 	0.380 	0.172 	0.083 	0.184 
019965 	0.380 	0.172 	0.083 	0.186 
019966 	0.381 	0.173 	0.083 	0.183 
019967 	0.381 	0.173 	0.083 	0.181 
019968 	0.381 	0.168 	0.083 	0.185 
019969 	0.381 	0.168 	0.085 	0.185 
019970 	0.381 	0.165 	0.085 	0.187 
019971 	0.381 	0.160 	0.083 	0.192 
019972 	0.381 	0.158 	0.082 	0.194 
019973 	0.381 	0.157 	0.082 	0.192 
019974 	0.380 	0.158 	0.082 	0.191 
019975 	0.378 	0.158 	0.082 	0.188 
019976 	0.375 	0.158 	0.083 	0.186 
019977 	0.372 	0.157 	0.083 	0.186 
019978 	0.370 	0.159 	0.082 	0.181 
019979 	0.366 	0.156 	0.084 	0.186 
019980 	0.363 	0.158 	0.084 	0.186 
019981 	0.361 	0.157 	0.085 	0.189 
019982 	0.358 	0.158 	0.086 	0.190 
019983 	0.356 	0.156 	0.086 	0.190 
019984 	0.354 	0.156 	0.087 	0.193 
019985 	0.353 	0.157 	0.087 	0.193 
019986 	0.352 	0.158 	0.086 	0.195 
019987 	0.351 	0.160 	0.086 	0.198 
019988 	0.350 	0.162 	0.084 	0.192 
019989 	0.350 	0.165 	0.084 	0.186 
019990 	0.348 	0.166 	0.084 	0.188 
019991 	0.347 	0.166 	0.084 	0.186 
019992 	0.345 	0.168 	0.084 	0.184 
019993 	0.344 	0.168 	0.085 	0.189 
019994 	0.344 	0.169 	0.083 	0.192 
019995 	0.345 	0.169 	0.083 	0.191 
019996 	0.345 	0.166 	0.086 	0.193 
019997 	0.347 	0.166 	0.083 	0.193 
019998 	0.346 	0.162 	0.086 	0.192 
019999 	0.350 	0.160 	0.086 	0.192 
020000 	0.351 	0.161 	0.087 	0.187 
020001 	0.354 	0.164 	0.087 	0.181 
020002 	0.357 	0.164 	0.086 	0.182 
020003 	0.358 	0.167 	0.086 	0.183 
020004 	0.361 	0.168 	0.087 	0.187 
020005 	0.365 	0.172 	0.084 	0.184 
020006 	0.366 	0.169 	0.085 	0.187 
020007 	0.369 	0.172 	0.083 	0.184 
020008 	0.371 	0.169 	0.083 	0.188 
020009 	0.373 	0.167 	0.083 	0.190 
020010 	0.373 	0.169 	0.084 	0.188 
020011 	0.374 	0.168 	0.085 	0.187 
020012 	0.374 	0.169 	0.085 	0.186 
020013 	0.374 	0.169 	0.086 	0.188 
020014 	0.374 	0.170 	0.087 	0.188 
020015 	0.375 	0.173 	0.086 	0.186 

WORD START END ASDSCORE
I 0.07 0.24 8.0
INVITE 0.24 0.64 10.7
YOU 0.64 1.04 3.9
TO 1.44 1.57 4.2
JOIN 1.57 1.87 6.9
A 1.87 1.95 9.6
GUERRILLA 1.95 2.38 8.9
CAMPAIGN 2.38 2.96 7.8
TO 2.96 3.12 11.1
RE 3.12 3.32 12.3
WRITE 3.32 3.58 13.2
