Text:  IMAGINE IF EACH OF US PUT OUR OWN LIVES ON THIS DOUGHNUT TABLE AND ASKED 
Conf:  2
Ref:   1BHOflzxPjI

FRAME 	X 	Y 	W 	H 
017104 	0.404 	0.140 	0.085 	0.187 
017105 	0.403 	0.138 	0.085 	0.187 
017106 	0.402 	0.133 	0.085 	0.190 
017107 	0.401 	0.131 	0.084 	0.194 
017108 	0.398 	0.126 	0.087 	0.193 
017109 	0.397 	0.124 	0.087 	0.187 
017110 	0.395 	0.125 	0.087 	0.187 
017111 	0.393 	0.124 	0.087 	0.191 
017112 	0.393 	0.123 	0.086 	0.197 
017113 	0.391 	0.124 	0.086 	0.191 
017114 	0.390 	0.123 	0.085 	0.188 
017115 	0.389 	0.123 	0.084 	0.188 
017116 	0.388 	0.124 	0.086 	0.187 
017117 	0.388 	0.123 	0.088 	0.189 
017118 	0.387 	0.123 	0.085 	0.189 
017119 	0.386 	0.118 	0.087 	0.190 
017120 	0.386 	0.118 	0.087 	0.188 
017121 	0.386 	0.114 	0.087 	0.189 
017122 	0.387 	0.112 	0.086 	0.189 
017123 	0.387 	0.109 	0.087 	0.191 
017124 	0.388 	0.108 	0.086 	0.189 
017125 	0.391 	0.107 	0.086 	0.182 
017126 	0.393 	0.106 	0.087 	0.178 
017127 	0.394 	0.103 	0.087 	0.177 
017128 	0.395 	0.102 	0.088 	0.177 
017129 	0.396 	0.102 	0.087 	0.179 
017130 	0.395 	0.103 	0.088 	0.185 
017131 	0.395 	0.105 	0.088 	0.193 
017132 	0.395 	0.108 	0.087 	0.192 
017133 	0.394 	0.111 	0.088 	0.188 
017134 	0.394 	0.111 	0.088 	0.188 
017135 	0.394 	0.112 	0.089 	0.187 
017136 	0.393 	0.112 	0.089 	0.186 
017137 	0.393 	0.112 	0.090 	0.186 
017138 	0.393 	0.112 	0.090 	0.186 
017139 	0.392 	0.111 	0.090 	0.185 
017140 	0.393 	0.111 	0.090 	0.181 
017141 	0.393 	0.109 	0.091 	0.182 
017142 	0.394 	0.110 	0.090 	0.182 
017143 	0.396 	0.108 	0.089 	0.186 
017144 	0.397 	0.109 	0.087 	0.186 
017145 	0.398 	0.109 	0.087 	0.185 
017146 	0.399 	0.113 	0.086 	0.186 
017147 	0.399 	0.110 	0.086 	0.179 
017148 	0.398 	0.112 	0.087 	0.196 
017149 	0.398 	0.115 	0.086 	0.184 
017150 	0.397 	0.118 	0.085 	0.202 
017151 	0.396 	0.123 	0.085 	0.197 
017152 	0.393 	0.134 	0.086 	0.194 
017153 	0.393 	0.144 	0.085 	0.189 
017154 	0.390 	0.152 	0.087 	0.187 
017155 	0.390 	0.164 	0.086 	0.190 
017156 	0.391 	0.171 	0.085 	0.193 
017157 	0.390 	0.174 	0.088 	0.194 
017158 	0.390 	0.174 	0.088 	0.194 
017159 	0.391 	0.171 	0.087 	0.189 
017160 	0.392 	0.159 	0.086 	0.193 
017161 	0.392 	0.149 	0.086 	0.193 
017162 	0.391 	0.146 	0.087 	0.188 
017163 	0.393 	0.140 	0.086 	0.187 
017164 	0.392 	0.133 	0.087 	0.192 
017165 	0.392 	0.130 	0.087 	0.193 
017166 	0.392 	0.130 	0.088 	0.193 
017167 	0.392 	0.132 	0.087 	0.191 
017168 	0.392 	0.132 	0.087 	0.189 
017169 	0.391 	0.132 	0.087 	0.188 
017170 	0.391 	0.138 	0.085 	0.184 
017171 	0.389 	0.140 	0.086 	0.183 
017172 	0.386 	0.140 	0.086 	0.187 
017173 	0.384 	0.141 	0.086 	0.187 
017174 	0.382 	0.141 	0.087 	0.188 
017175 	0.380 	0.139 	0.086 	0.190 
017176 	0.378 	0.139 	0.085 	0.182 
017177 	0.378 	0.142 	0.083 	0.177 
017178 	0.381 	0.145 	0.078 	0.173 
017179 	0.381 	0.145 	0.075 	0.178 
017180 	0.375 	0.148 	0.076 	0.175 
017181 	0.362 	0.145 	0.086 	0.179 
017182 	0.354 	0.145 	0.090 	0.178 
017183 	0.350 	0.142 	0.086 	0.177 
017184 	0.346 	0.138 	0.086 	0.182 
017185 	0.341 	0.135 	0.084 	0.186 
017186 	0.335 	0.129 	0.087 	0.184 
017187 	0.331 	0.127 	0.087 	0.181 
017188 	0.327 	0.122 	0.087 	0.183 
017189 	0.325 	0.122 	0.087 	0.182 
017190 	0.324 	0.121 	0.086 	0.182 
017191 	0.323 	0.121 	0.087 	0.184 
017192 	0.322 	0.120 	0.089 	0.188 
017193 	0.322 	0.123 	0.089 	0.190 
017194 	0.323 	0.125 	0.087 	0.194 
017195 	0.325 	0.128 	0.086 	0.198 
017196 	0.326 	0.132 	0.088 	0.194 
017197 	0.328 	0.133 	0.089 	0.187 
017198 	0.332 	0.133 	0.088 	0.183 
017199 	0.336 	0.131 	0.087 	0.184 
017200 	0.340 	0.131 	0.087 	0.185 
017201 	0.344 	0.130 	0.089 	0.184 
017202 	0.348 	0.128 	0.089 	0.185 
017203 	0.353 	0.131 	0.090 	0.180 
017204 	0.360 	0.133 	0.087 	0.179 
017205 	0.365 	0.132 	0.088 	0.181 
017206 	0.370 	0.132 	0.089 	0.182 
017207 	0.377 	0.136 	0.087 	0.180 
017208 	0.382 	0.140 	0.089 	0.176 
017209 	0.390 	0.142 	0.086 	0.180 
017210 	0.396 	0.140 	0.086 	0.181 
017211 	0.402 	0.141 	0.087 	0.181 
017212 	0.408 	0.145 	0.088 	0.179 
017213 	0.415 	0.147 	0.085 	0.180 
017214 	0.420 	0.149 	0.086 	0.181 
017215 	0.427 	0.151 	0.087 	0.181 
017216 	0.433 	0.149 	0.087 	0.194 
017217 	0.439 	0.158 	0.084 	0.195 
017218 	0.444 	0.164 	0.084 	0.188 
017219 	0.449 	0.169 	0.084 	0.183 
017220 	0.452 	0.165 	0.085 	0.183 
017221 	0.456 	0.164 	0.085 	0.183 
017222 	0.459 	0.159 	0.087 	0.186 
017223 	0.463 	0.157 	0.087 	0.184 
017224 	0.468 	0.158 	0.084 	0.181 
017225 	0.471 	0.157 	0.085 	0.181 
017226 	0.474 	0.155 	0.084 	0.180 
017227 	0.477 	0.156 	0.083 	0.180 
017228 	0.479 	0.153 	0.082 	0.185 
017229 	0.481 	0.154 	0.083 	0.183 
017230 	0.482 	0.153 	0.084 	0.185 

WORD START END ASDSCORE
IMAGINE 0.10 0.57 9.5
IF 0.57 0.72 8.7
EACH 0.72 0.98 8.3
OF 0.98 1.06 9.9
US 1.06 1.43 10.6
PUT 1.47 1.69 4.6
OUR 1.69 1.92 3.9
OWN 1.92 2.09 3.6
LIVES 2.09 2.64 8.0
ON 2.80 2.97 5.1
THIS 2.97 3.15 5.6
DOUGHNUT 3.15 3.51 6.2
TABLE 3.51 4.00 8.7
AND 4.52 4.67 8.8
ASKED 4.67 4.95 11.6
