Text:  LEVEL AGAIN TO THE NATION STATE AND HE ASKED WHAT MAKES THE 
Conf:  2
Ref:   1BHOflzxPjI

FRAME 	X 	Y 	W 	H 
023298 	0.364 	0.151 	0.085 	0.193 
023299 	0.363 	0.151 	0.085 	0.195 
023300 	0.363 	0.150 	0.084 	0.195 
023301 	0.362 	0.151 	0.085 	0.195 
023302 	0.361 	0.151 	0.086 	0.194 
023303 	0.361 	0.151 	0.086 	0.191 
023304 	0.362 	0.150 	0.086 	0.193 
023305 	0.361 	0.151 	0.086 	0.191 
023306 	0.361 	0.151 	0.087 	0.191 
023307 	0.362 	0.151 	0.086 	0.191 
023308 	0.362 	0.149 	0.085 	0.196 
023309 	0.363 	0.148 	0.084 	0.200 
023310 	0.362 	0.148 	0.085 	0.199 
023311 	0.362 	0.149 	0.087 	0.192 
023312 	0.362 	0.149 	0.087 	0.188 
023313 	0.362 	0.147 	0.088 	0.190 
023314 	0.362 	0.147 	0.088 	0.188 
023315 	0.362 	0.148 	0.088 	0.189 
023316 	0.362 	0.146 	0.089 	0.190 
023317 	0.362 	0.145 	0.089 	0.190 
023318 	0.362 	0.145 	0.089 	0.189 
023319 	0.362 	0.146 	0.089 	0.189 
023320 	0.363 	0.147 	0.087 	0.185 
023321 	0.363 	0.147 	0.087 	0.184 
023322 	0.360 	0.143 	0.088 	0.185 
023323 	0.357 	0.143 	0.089 	0.180 
023324 	0.355 	0.138 	0.089 	0.180 
023325 	0.355 	0.129 	0.089 	0.187 
023326 	0.354 	0.125 	0.090 	0.191 
023327 	0.356 	0.124 	0.092 	0.192 
023328 	0.356 	0.128 	0.089 	0.191 
023329 	0.358 	0.128 	0.086 	0.199 
023330 	0.362 	0.135 	0.085 	0.199 
023331 	0.363 	0.144 	0.084 	0.195 
023332 	0.365 	0.150 	0.083 	0.193 
023333 	0.366 	0.153 	0.083 	0.193 
023334 	0.367 	0.154 	0.084 	0.190 
023335 	0.370 	0.153 	0.085 	0.185 
023336 	0.372 	0.147 	0.088 	0.188 
023337 	0.373 	0.147 	0.091 	0.187 
023338 	0.377 	0.147 	0.092 	0.184 
023339 	0.381 	0.150 	0.093 	0.182 
023340 	0.385 	0.152 	0.088 	0.179 
023341 	0.390 	0.152 	0.086 	0.177 
023342 	0.395 	0.151 	0.086 	0.179 
023343 	0.397 	0.150 	0.088 	0.181 
023344 	0.401 	0.151 	0.088 	0.179 
023345 	0.404 	0.153 	0.089 	0.178 
023346 	0.406 	0.154 	0.090 	0.177 
023347 	0.410 	0.154 	0.088 	0.180 
023348 	0.414 	0.152 	0.088 	0.182 
023349 	0.418 	0.153 	0.086 	0.179 
023350 	0.423 	0.153 	0.086 	0.180 
023351 	0.428 	0.153 	0.086 	0.179 
023352 	0.431 	0.155 	0.087 	0.178 
023353 	0.435 	0.156 	0.089 	0.179 
023354 	0.440 	0.154 	0.086 	0.183 
023355 	0.444 	0.156 	0.085 	0.181 
023356 	0.447 	0.156 	0.084 	0.182 
023357 	0.450 	0.156 	0.083 	0.182 
023358 	0.453 	0.155 	0.083 	0.184 
023359 	0.454 	0.157 	0.083 	0.184 
023360 	0.455 	0.157 	0.083 	0.186 
023361 	0.456 	0.160 	0.082 	0.185 
023362 	0.457 	0.159 	0.082 	0.190 
023363 	0.457 	0.159 	0.082 	0.194 
023364 	0.458 	0.157 	0.081 	0.197 
023365 	0.457 	0.157 	0.083 	0.192 
023366 	0.455 	0.153 	0.086 	0.186 
023367 	0.453 	0.151 	0.088 	0.185 
023368 	0.451 	0.147 	0.088 	0.189 
023369 	0.451 	0.150 	0.085 	0.185 
023370 	0.451 	0.146 	0.085 	0.194 
023371 	0.451 	0.148 	0.085 	0.193 
023372 	0.451 	0.148 	0.086 	0.192 
023373 	0.451 	0.148 	0.086 	0.188 
023374 	0.451 	0.148 	0.088 	0.186 
023375 	0.451 	0.146 	0.088 	0.187 
023376 	0.451 	0.146 	0.087 	0.186 
023377 	0.451 	0.149 	0.086 	0.179 
023378 	0.451 	0.149 	0.085 	0.178 
023379 	0.452 	0.148 	0.084 	0.181 
023380 	0.451 	0.146 	0.086 	0.192 
023381 	0.451 	0.146 	0.086 	0.192 
023382 	0.453 	0.145 	0.085 	0.184 
023383 	0.453 	0.144 	0.085 	0.183 
023384 	0.453 	0.143 	0.087 	0.180 
023385 	0.455 	0.145 	0.086 	0.183 
023386 	0.457 	0.146 	0.085 	0.180 
023387 	0.456 	0.146 	0.085 	0.178 
023388 	0.455 	0.147 	0.085 	0.178 
023389 	0.455 	0.147 	0.084 	0.179 
023390 	0.454 	0.149 	0.084 	0.178 
023391 	0.451 	0.148 	0.085 	0.182 
023392 	0.449 	0.150 	0.086 	0.182 
023393 	0.446 	0.147 	0.087 	0.185 

WORD START END ASDSCORE
LEVEL 0.08 0.31 9.1
AGAIN 0.31 0.69 11.2
TO 1.02 1.13 4.2
THE 1.13 1.21 4.8
NATION 1.21 1.58 6.3
STATE 1.58 2.01 6.8
AND 2.63 2.77 1.3
HE 2.77 2.87 2.3
ASKED 2.87 3.22 10.0
WHAT 3.22 3.40 7.9
MAKES 3.40 3.67 8.0
THE 3.67 3.73 8.3
