Text:  INTO THE SAFE AND JUST SPACE BETWEEN PLANETARY AND SOCIAL 
Conf:  4
Ref:   1BHOflzxPjI

FRAME 	X 	Y 	W 	H 
022181 	0.322 	0.148 	0.088 	0.183 
022182 	0.320 	0.146 	0.088 	0.184 
022183 	0.319 	0.147 	0.088 	0.183 
022184 	0.318 	0.148 	0.088 	0.182 
022185 	0.317 	0.148 	0.088 	0.184 
022186 	0.315 	0.149 	0.089 	0.182 
022187 	0.314 	0.149 	0.090 	0.184 
022188 	0.312 	0.152 	0.089 	0.186 
022189 	0.311 	0.157 	0.088 	0.185 
022190 	0.310 	0.159 	0.088 	0.186 
022191 	0.308 	0.163 	0.088 	0.183 
022192 	0.306 	0.164 	0.088 	0.182 
022193 	0.304 	0.164 	0.089 	0.182 
022194 	0.303 	0.165 	0.089 	0.181 
022195 	0.304 	0.165 	0.087 	0.182 
022196 	0.305 	0.162 	0.086 	0.189 
022197 	0.306 	0.158 	0.087 	0.188 
022198 	0.307 	0.154 	0.088 	0.188 
022199 	0.309 	0.151 	0.088 	0.188 
022200 	0.312 	0.151 	0.087 	0.185 
022201 	0.315 	0.151 	0.088 	0.184 
022202 	0.319 	0.152 	0.088 	0.186 
022203 	0.322 	0.152 	0.088 	0.187 
022204 	0.324 	0.153 	0.087 	0.187 
022205 	0.327 	0.152 	0.089 	0.186 
022206 	0.330 	0.152 	0.088 	0.183 
022207 	0.333 	0.146 	0.087 	0.187 
022208 	0.336 	0.143 	0.086 	0.188 
022209 	0.338 	0.140 	0.087 	0.189 
022210 	0.342 	0.137 	0.087 	0.189 
022211 	0.347 	0.135 	0.088 	0.188 
022212 	0.351 	0.134 	0.088 	0.186 
022213 	0.356 	0.133 	0.087 	0.187 
022214 	0.361 	0.132 	0.086 	0.187 
022215 	0.366 	0.132 	0.085 	0.184 
022216 	0.371 	0.132 	0.086 	0.190 
022217 	0.375 	0.135 	0.088 	0.188 
022218 	0.380 	0.139 	0.089 	0.192 
022219 	0.386 	0.144 	0.087 	0.188 
022220 	0.392 	0.148 	0.088 	0.184 
022221 	0.398 	0.150 	0.088 	0.183 
022222 	0.402 	0.152 	0.089 	0.183 
022223 	0.406 	0.156 	0.089 	0.183 
022224 	0.412 	0.162 	0.087 	0.179 
022225 	0.417 	0.163 	0.086 	0.182 
022226 	0.421 	0.163 	0.086 	0.180 
022227 	0.424 	0.159 	0.086 	0.185 
022228 	0.426 	0.156 	0.087 	0.189 
022229 	0.429 	0.154 	0.086 	0.192 
022230 	0.430 	0.152 	0.087 	0.187 
022231 	0.430 	0.151 	0.087 	0.187 
022232 	0.428 	0.149 	0.088 	0.188 
022233 	0.427 	0.147 	0.089 	0.190 
022234 	0.426 	0.146 	0.087 	0.189 
022235 	0.425 	0.146 	0.087 	0.190 
022236 	0.424 	0.149 	0.085 	0.191 
022237 	0.423 	0.150 	0.084 	0.190 
022238 	0.421 	0.151 	0.085 	0.187 
022239 	0.420 	0.151 	0.085 	0.187 
022240 	0.418 	0.153 	0.085 	0.188 
022241 	0.416 	0.153 	0.086 	0.188 
022242 	0.415 	0.153 	0.085 	0.190 
022243 	0.413 	0.156 	0.086 	0.187 
022244 	0.411 	0.156 	0.086 	0.184 
022245 	0.409 	0.156 	0.086 	0.185 
022246 	0.407 	0.157 	0.087 	0.186 
022247 	0.406 	0.158 	0.087 	0.183 
022248 	0.404 	0.157 	0.086 	0.184 
022249 	0.403 	0.154 	0.087 	0.186 
022250 	0.401 	0.152 	0.087 	0.188 
022251 	0.399 	0.149 	0.088 	0.190 
022252 	0.398 	0.148 	0.086 	0.190 
022253 	0.396 	0.149 	0.087 	0.190 
022254 	0.396 	0.149 	0.086 	0.190 
022255 	0.396 	0.152 	0.085 	0.188 
022256 	0.396 	0.151 	0.084 	0.190 
022257 	0.396 	0.149 	0.085 	0.189 
022258 	0.396 	0.147 	0.086 	0.188 
022259 	0.396 	0.147 	0.086 	0.186 
022260 	0.399 	0.145 	0.086 	0.187 
022261 	0.401 	0.145 	0.086 	0.185 
022262 	0.402 	0.144 	0.088 	0.185 
022263 	0.404 	0.144 	0.088 	0.191 
022264 	0.406 	0.145 	0.088 	0.195 

WORD START END ASDSCORE
INTO 0.09 0.31 7.3
THE 0.31 0.38 5.8
SAFE 0.38 0.83 8.8
AND 0.83 1.00 8.8
JUST 1.00 1.30 7.6
SPACE 1.30 1.80 11.0
BETWEEN 2.00 2.31 7.8
PLANETARY 2.31 2.81 10.9
AND 2.81 2.90 10.9
SOCIAL 2.90 3.24 9.9
