Text:  OFFER THEM A DOUGHNUT THANK YOU 
Conf:  1
Ref:   1BHOflzxPjI

FRAME 	X 	Y 	W 	H 
025050 	0.452 	0.139 	0.104 	0.250 
025051 	0.447 	0.139 	0.105 	0.252 
025052 	0.442 	0.140 	0.107 	0.250 
025053 	0.437 	0.141 	0.107 	0.249 
025054 	0.433 	0.145 	0.108 	0.237 
025055 	0.427 	0.161 	0.110 	0.216 
025056 	0.424 	0.165 	0.111 	0.214 
025057 	0.426 	0.155 	0.107 	0.234 
025058 	0.422 	0.160 	0.108 	0.231 
025059 	0.419 	0.161 	0.109 	0.233 
025060 	0.417 	0.163 	0.107 	0.234 
025061 	0.415 	0.162 	0.105 	0.237 
025062 	0.414 	0.161 	0.105 	0.240 
025063 	0.412 	0.161 	0.105 	0.241 
025064 	0.412 	0.162 	0.105 	0.241 
025065 	0.410 	0.161 	0.107 	0.239 
025066 	0.410 	0.161 	0.107 	0.239 
025067 	0.410 	0.160 	0.106 	0.241 
025068 	0.410 	0.161 	0.106 	0.239 
025069 	0.410 	0.161 	0.107 	0.239 
025070 	0.410 	0.160 	0.107 	0.238 
025071 	0.410 	0.159 	0.107 	0.239 
025072 	0.410 	0.162 	0.108 	0.234 
025073 	0.410 	0.161 	0.110 	0.232 
025074 	0.409 	0.160 	0.111 	0.234 
025075 	0.409 	0.160 	0.111 	0.232 
025076 	0.410 	0.160 	0.110 	0.232 
025077 	0.411 	0.160 	0.111 	0.232 
025078 	0.410 	0.160 	0.112 	0.231 
025079 	0.411 	0.159 	0.112 	0.229 
025080 	0.410 	0.156 	0.112 	0.232 
025081 	0.410 	0.155 	0.113 	0.224 
025082 	0.409 	0.150 	0.115 	0.226 
025083 	0.408 	0.144 	0.114 	0.228 
025084 	0.409 	0.140 	0.113 	0.229 
025085 	0.410 	0.131 	0.113 	0.234 
025086 	0.411 	0.125 	0.112 	0.233 
025087 	0.413 	0.121 	0.111 	0.232 
025088 	0.415 	0.118 	0.113 	0.227 
025089 	0.418 	0.116 	0.112 	0.228 
025090 	0.422 	0.125 	0.111 	0.210 
025091 	0.428 	0.112 	0.110 	0.247 
025092 	0.434 	0.118 	0.107 	0.252 
025093 	0.439 	0.127 	0.109 	0.249 
025094 	0.448 	0.136 	0.108 	0.245 
025095 	0.454 	0.144 	0.108 	0.245 
025096 	0.465 	0.150 	0.107 	0.242 
025097 	0.472 	0.161 	0.108 	0.231 
025098 	0.477 	0.173 	0.108 	0.215 
025099 	0.487 	0.162 	0.105 	0.232 
025100 	0.492 	0.164 	0.107 	0.232 
025101 	0.500 	0.166 	0.105 	0.229 
025102 	0.505 	0.165 	0.105 	0.229 
025103 	0.509 	0.164 	0.106 	0.232 

WORD START END ASDSCORE
OFFER 0.06 0.27 4.0
THEM 0.27 0.40 5.5
A 0.40 0.44 7.3
DOUGHNUT 0.44 0.88 6.2
THANK 1.59 1.84 3.9
YOU 1.84 2.03 3.0
