Text:  COULDN'T VOTE AND I COULDN'T RUN FOR OFFICE SO IN 2000 WHEN IT WAS ANNOUNCED THAT THE CITIZENSHIP APPLICATION FEE WAS GOING TO MORE THAN DOUBLE FROM 95 DOLLARS TO 225 DOLLARS I DECIDED IT WAS TIME TO APPLY BEFORE I COULD NO LONGER AFFORD IT I FILLED OUT A LONG APPLICATION ANSWERING QUESTIONS ABOUT MY CURRENT AND MY PAST AFFILIATIONS 
Conf:  2
Ref:   0d6iSvF1UmA

FRAME 	X 	Y 	W 	H 
004411 	0.542 	0.110 	0.141 	0.366 
004412 	0.537 	0.112 	0.140 	0.366 
004413 	0.533 	0.113 	0.144 	0.361 
004414 	0.528 	0.112 	0.142 	0.357 
004415 	0.528 	0.112 	0.142 	0.357 
004416 	0.525 	0.114 	0.141 	0.355 
004417 	0.521 	0.115 	0.143 	0.355 
004418 	0.515 	0.113 	0.150 	0.359 
004419 	0.510 	0.111 	0.155 	0.359 
004420 	0.511 	0.112 	0.147 	0.359 
004421 	0.507 	0.115 	0.146 	0.351 
004422 	0.504 	0.118 	0.144 	0.352 
004423 	0.500 	0.118 	0.143 	0.353 
004424 	0.498 	0.119 	0.143 	0.360 
004425 	0.495 	0.122 	0.142 	0.366 
004426 	0.491 	0.121 	0.143 	0.367 
004427 	0.486 	0.121 	0.144 	0.365 
004428 	0.483 	0.123 	0.144 	0.360 
004429 	0.479 	0.123 	0.147 	0.359 
004430 	0.476 	0.121 	0.147 	0.364 
004431 	0.474 	0.123 	0.147 	0.357 
004432 	0.471 	0.123 	0.148 	0.355 
004433 	0.468 	0.123 	0.148 	0.359 
004434 	0.469 	0.124 	0.147 	0.357 
004435 	0.467 	0.123 	0.148 	0.355 
004436 	0.466 	0.123 	0.147 	0.358 
004437 	0.466 	0.125 	0.148 	0.357 
004438 	0.465 	0.126 	0.147 	0.361 
004439 	0.466 	0.125 	0.146 	0.365 
004440 	0.466 	0.125 	0.146 	0.365 
004441 	0.468 	0.125 	0.144 	0.369 
004442 	0.469 	0.124 	0.145 	0.376 
004443 	0.468 	0.120 	0.146 	0.383 
004444 	0.469 	0.118 	0.147 	0.376 
004445 	0.472 	0.118 	0.148 	0.373 
004446 	0.474 	0.117 	0.147 	0.377 
004447 	0.476 	0.117 	0.145 	0.386 
004448 	0.479 	0.119 	0.145 	0.392 
004449 	0.479 	0.120 	0.145 	0.392 
004450 	0.482 	0.121 	0.147 	0.382 
004451 	0.483 	0.121 	0.148 	0.374 
004452 	0.484 	0.123 	0.147 	0.372 
004453 	0.486 	0.126 	0.147 	0.367 
004454 	0.487 	0.124 	0.148 	0.370 
004455 	0.489 	0.125 	0.146 	0.370 
004456 	0.489 	0.129 	0.147 	0.365 
004457 	0.490 	0.129 	0.146 	0.366 
004458 	0.491 	0.129 	0.146 	0.366 
004459 	0.493 	0.130 	0.147 	0.364 
004460 	0.495 	0.132 	0.145 	0.365 
004461 	0.497 	0.132 	0.145 	0.367 
004462 	0.499 	0.133 	0.144 	0.373 
004463 	0.501 	0.131 	0.144 	0.376 
004464 	0.502 	0.130 	0.145 	0.376 
004465 	0.502 	0.130 	0.145 	0.376 
004466 	0.503 	0.131 	0.144 	0.373 
004467 	0.506 	0.129 	0.146 	0.372 
004468 	0.508 	0.129 	0.145 	0.371 
004469 	0.510 	0.129 	0.147 	0.370 
004470 	0.512 	0.130 	0.147 	0.372 
004471 	0.514 	0.128 	0.146 	0.376 
004472 	0.511 	0.126 	0.150 	0.384 
004473 	0.515 	0.128 	0.149 	0.377 
004474 	0.516 	0.125 	0.148 	0.386 
004475 	0.519 	0.127 	0.148 	0.383 
004476 	0.522 	0.129 	0.147 	0.379 
004477 	0.524 	0.132 	0.149 	0.372 
004478 	0.525 	0.134 	0.149 	0.366 
004479 	0.530 	0.134 	0.149 	0.366 
004480 	0.532 	0.132 	0.149 	0.374 
004481 	0.536 	0.134 	0.148 	0.375 
004482 	0.542 	0.129 	0.143 	0.374 
004483 	0.545 	0.128 	0.146 	0.377 
004484 	0.547 	0.134 	0.145 	0.375 
004485 	0.551 	0.136 	0.144 	0.371 
004486 	0.553 	0.134 	0.145 	0.372 
004487 	0.556 	0.133 	0.145 	0.371 
004488 	0.559 	0.131 	0.149 	0.375 
004489 	0.563 	0.129 	0.147 	0.377 
004490 	0.563 	0.129 	0.147 	0.377 
004491 	0.566 	0.131 	0.146 	0.375 
004492 	0.563 	0.135 	0.154 	0.365 
004493 	0.567 	0.133 	0.152 	0.367 
004494 	0.571 	0.132 	0.151 	0.371 
004495 	0.576 	0.129 	0.149 	0.377 
004496 	0.578 	0.129 	0.149 	0.375 
004497 	0.580 	0.132 	0.148 	0.372 
004498 	0.583 	0.129 	0.147 	0.376 
004499 	0.585 	0.127 	0.149 	0.379 
004500 	0.586 	0.132 	0.148 	0.379 
004501 	0.588 	0.126 	0.147 	0.380 
004502 	0.590 	0.123 	0.147 	0.387 
004503 	0.591 	0.129 	0.150 	0.385 
004504 	0.593 	0.128 	0.147 	0.386 
004505 	0.593 	0.127 	0.150 	0.386 
004506 	0.594 	0.126 	0.149 	0.389 
004507 	0.597 	0.125 	0.146 	0.387 
004508 	0.596 	0.122 	0.148 	0.392 
004509 	0.596 	0.121 	0.151 	0.391 
004510 	0.596 	0.119 	0.152 	0.392 
004511 	0.597 	0.117 	0.153 	0.395 
004512 	0.597 	0.117 	0.154 	0.394 
004513 	0.598 	0.116 	0.154 	0.392 
004514 	0.599 	0.117 	0.154 	0.391 
004515 	0.599 	0.117 	0.154 	0.391 
004516 	0.599 	0.117 	0.153 	0.390 
004517 	0.599 	0.117 	0.153 	0.392 
004518 	0.599 	0.116 	0.154 	0.393 
004519 	0.599 	0.117 	0.153 	0.391 
004520 	0.600 	0.116 	0.151 	0.391 
004521 	0.601 	0.116 	0.149 	0.392 
004522 	0.600 	0.118 	0.150 	0.394 
004523 	0.600 	0.119 	0.152 	0.393 
004524 	0.600 	0.118 	0.152 	0.393 
004525 	0.599 	0.119 	0.151 	0.394 
004526 	0.600 	0.119 	0.153 	0.386 
004527 	0.600 	0.119 	0.155 	0.379 
004528 	0.601 	0.119 	0.155 	0.378 
004529 	0.602 	0.116 	0.156 	0.384 
004530 	0.602 	0.113 	0.154 	0.393 
004531 	0.602 	0.114 	0.156 	0.386 
004532 	0.603 	0.115 	0.157 	0.385 
004533 	0.605 	0.121 	0.154 	0.386 
004534 	0.605 	0.123 	0.154 	0.388 
004535 	0.605 	0.125 	0.153 	0.386 
004536 	0.604 	0.128 	0.153 	0.383 
004537 	0.602 	0.127 	0.155 	0.384 
004538 	0.602 	0.134 	0.154 	0.378 
004539 	0.600 	0.137 	0.156 	0.381 
004540 	0.600 	0.137 	0.156 	0.381 
004541 	0.598 	0.139 	0.155 	0.379 
004542 	0.597 	0.142 	0.155 	0.390 
004543 	0.593 	0.147 	0.156 	0.395 
004544 	0.593 	0.150 	0.157 	0.396 
004545 	0.589 	0.154 	0.159 	0.390 
004546 	0.588 	0.156 	0.158 	0.389 
004547 	0.584 	0.158 	0.159 	0.386 
004548 	0.583 	0.157 	0.157 	0.384 
004549 	0.580 	0.158 	0.158 	0.384 
004550 	0.575 	0.159 	0.160 	0.384 
004551 	0.573 	0.159 	0.162 	0.387 
004552 	0.569 	0.158 	0.163 	0.386 
004553 	0.567 	0.158 	0.164 	0.385 
004554 	0.564 	0.157 	0.164 	0.384 
004555 	0.562 	0.158 	0.165 	0.388 
004556 	0.560 	0.156 	0.163 	0.390 
004557 	0.557 	0.156 	0.167 	0.391 
004558 	0.554 	0.154 	0.167 	0.397 
004559 	0.559 	0.152 	0.162 	0.399 
004560 	0.557 	0.149 	0.161 	0.405 
004561 	0.556 	0.145 	0.161 	0.415 
004562 	0.553 	0.142 	0.160 	0.413 
004563 	0.552 	0.140 	0.160 	0.406 
004564 	0.550 	0.139 	0.159 	0.401 
004565 	0.550 	0.139 	0.159 	0.401 
004566 	0.547 	0.137 	0.161 	0.402 
004567 	0.546 	0.137 	0.158 	0.401 
004568 	0.544 	0.137 	0.158 	0.398 
004569 	0.543 	0.135 	0.158 	0.401 
004570 	0.542 	0.136 	0.159 	0.402 
004571 	0.542 	0.135 	0.158 	0.405 
004572 	0.541 	0.137 	0.158 	0.405 
004573 	0.542 	0.138 	0.156 	0.406 
004574 	0.542 	0.138 	0.156 	0.413 
004575 	0.539 	0.141 	0.159 	0.404 
004576 	0.539 	0.140 	0.160 	0.404 
004577 	0.539 	0.138 	0.160 	0.400 
004578 	0.537 	0.136 	0.160 	0.402 
004579 	0.537 	0.135 	0.160 	0.401 
004580 	0.536 	0.134 	0.159 	0.401 
004581 	0.534 	0.135 	0.160 	0.402 
004582 	0.534 	0.134 	0.161 	0.400 
004583 	0.533 	0.135 	0.160 	0.400 
004584 	0.531 	0.136 	0.161 	0.398 
004585 	0.529 	0.133 	0.163 	0.406 
004586 	0.529 	0.133 	0.162 	0.410 
004587 	0.528 	0.136 	0.163 	0.410 
004588 	0.526 	0.135 	0.163 	0.415 
004589 	0.524 	0.136 	0.162 	0.415 
004590 	0.524 	0.136 	0.162 	0.415 
004591 	0.523 	0.139 	0.159 	0.413 
004592 	0.520 	0.140 	0.160 	0.411 
004593 	0.518 	0.138 	0.163 	0.415 
004594 	0.516 	0.135 	0.163 	0.414 
004595 	0.515 	0.133 	0.164 	0.413 
004596 	0.513 	0.132 	0.165 	0.406 
004597 	0.510 	0.131 	0.167 	0.401 
004598 	0.508 	0.132 	0.166 	0.399 
004599 	0.508 	0.131 	0.167 	0.405 
004600 	0.504 	0.132 	0.167 	0.403 
004601 	0.502 	0.130 	0.168 	0.404 
004602 	0.508 	0.132 	0.159 	0.402 
004603 	0.505 	0.128 	0.161 	0.409 
004604 	0.504 	0.129 	0.160 	0.407 
004605 	0.503 	0.127 	0.160 	0.409 
004606 	0.501 	0.126 	0.161 	0.410 
004607 	0.501 	0.124 	0.159 	0.411 
004608 	0.500 	0.125 	0.161 	0.411 
004609 	0.499 	0.127 	0.160 	0.407 
004610 	0.499 	0.127 	0.160 	0.406 
004611 	0.498 	0.128 	0.160 	0.406 
004612 	0.497 	0.126 	0.160 	0.408 
004613 	0.496 	0.124 	0.161 	0.408 
004614 	0.497 	0.124 	0.161 	0.409 
004615 	0.497 	0.124 	0.161 	0.409 
004616 	0.498 	0.124 	0.158 	0.410 
004617 	0.497 	0.123 	0.159 	0.411 
004618 	0.497 	0.121 	0.159 	0.414 
004619 	0.496 	0.121 	0.161 	0.418 
004620 	0.496 	0.119 	0.162 	0.419 
004621 	0.497 	0.115 	0.162 	0.425 
004622 	0.497 	0.114 	0.160 	0.428 
004623 	0.498 	0.110 	0.161 	0.437 
004624 	0.499 	0.112 	0.161 	0.438 
004625 	0.500 	0.109 	0.161 	0.434 
004626 	0.500 	0.112 	0.161 	0.425 
004627 	0.501 	0.110 	0.160 	0.425 
004628 	0.500 	0.111 	0.161 	0.422 
004629 	0.501 	0.114 	0.162 	0.420 
004630 	0.502 	0.111 	0.161 	0.430 
004631 	0.502 	0.113 	0.162 	0.430 
004632 	0.504 	0.110 	0.162 	0.435 
004633 	0.505 	0.116 	0.161 	0.427 
004634 	0.507 	0.117 	0.161 	0.422 
004635 	0.508 	0.118 	0.160 	0.421 
004636 	0.508 	0.118 	0.161 	0.423 
004637 	0.501 	0.121 	0.171 	0.411 
004638 	0.502 	0.123 	0.172 	0.409 
004639 	0.504 	0.123 	0.171 	0.409 
004640 	0.504 	0.123 	0.171 	0.409 
004641 	0.505 	0.123 	0.171 	0.412 
004642 	0.505 	0.123 	0.172 	0.413 
004643 	0.506 	0.120 	0.171 	0.419 
004644 	0.506 	0.119 	0.172 	0.425 
004645 	0.510 	0.124 	0.166 	0.414 
004646 	0.511 	0.123 	0.165 	0.411 
004647 	0.512 	0.122 	0.167 	0.416 
004648 	0.511 	0.119 	0.170 	0.415 
004649 	0.512 	0.120 	0.168 	0.410 
004650 	0.513 	0.119 	0.169 	0.409 
004651 	0.513 	0.118 	0.170 	0.415 
004652 	0.515 	0.117 	0.165 	0.425 
004653 	0.517 	0.116 	0.166 	0.430 
004654 	0.518 	0.117 	0.166 	0.427 
004655 	0.521 	0.121 	0.162 	0.425 
004656 	0.522 	0.119 	0.163 	0.425 
004657 	0.521 	0.118 	0.163 	0.416 
004658 	0.522 	0.112 	0.165 	0.418 
004659 	0.523 	0.111 	0.164 	0.414 
004660 	0.524 	0.115 	0.162 	0.415 
004661 	0.524 	0.106 	0.166 	0.418 
004662 	0.525 	0.111 	0.162 	0.407 
004663 	0.527 	0.111 	0.161 	0.419 
004664 	0.531 	0.112 	0.160 	0.439 
004665 	0.531 	0.112 	0.160 	0.439 
004666 	0.533 	0.115 	0.156 	0.445 
004667 	0.535 	0.118 	0.157 	0.443 
004668 	0.536 	0.117 	0.157 	0.441 
004669 	0.537 	0.114 	0.159 	0.435 
004670 	0.536 	0.113 	0.165 	0.427 
004671 	0.536 	0.114 	0.165 	0.428 
004672 	0.537 	0.114 	0.166 	0.435 
004673 	0.536 	0.112 	0.163 	0.431 
004674 	0.535 	0.112 	0.163 	0.427 
004675 	0.536 	0.115 	0.164 	0.424 
004676 	0.536 	0.117 	0.158 	0.420 
004677 	0.535 	0.118 	0.163 	0.426 
004678 	0.536 	0.119 	0.158 	0.432 
004679 	0.538 	0.125 	0.158 	0.433 
004680 	0.540 	0.126 	0.155 	0.446 
004681 	0.542 	0.134 	0.154 	0.443 
004682 	0.544 	0.136 	0.156 	0.435 
004683 	0.544 	0.139 	0.157 	0.434 
004684 	0.546 	0.141 	0.156 	0.438 
004685 	0.546 	0.143 	0.157 	0.434 
004686 	0.546 	0.142 	0.158 	0.434 
004687 	0.546 	0.142 	0.156 	0.435 
004688 	0.547 	0.141 	0.155 	0.436 
004689 	0.546 	0.142 	0.154 	0.438 
004690 	0.546 	0.142 	0.154 	0.438 
004691 	0.547 	0.143 	0.154 	0.439 
004692 	0.548 	0.145 	0.154 	0.433 
004693 	0.547 	0.148 	0.156 	0.430 
004694 	0.547 	0.147 	0.154 	0.430 
004695 	0.547 	0.144 	0.153 	0.435 
004696 	0.546 	0.142 	0.151 	0.436 
004697 	0.544 	0.140 	0.159 	0.440 
004698 	0.543 	0.137 	0.158 	0.439 
004699 	0.543 	0.128 	0.157 	0.455 
004700 	0.542 	0.127 	0.155 	0.459 
004701 	0.540 	0.126 	0.156 	0.468 
004702 	0.539 	0.125 	0.156 	0.468 
004703 	0.538 	0.127 	0.157 	0.469 
004704 	0.538 	0.133 	0.159 	0.461 
004705 	0.538 	0.135 	0.160 	0.452 
004706 	0.537 	0.137 	0.161 	0.450 
004707 	0.536 	0.139 	0.160 	0.451 
004708 	0.536 	0.141 	0.159 	0.452 
004709 	0.536 	0.136 	0.159 	0.463 
004710 	0.537 	0.137 	0.158 	0.459 
004711 	0.537 	0.142 	0.160 	0.449 
004712 	0.537 	0.142 	0.160 	0.450 
004713 	0.539 	0.142 	0.160 	0.453 
004714 	0.541 	0.143 	0.158 	0.462 
004715 	0.541 	0.143 	0.158 	0.462 
004716 	0.541 	0.140 	0.156 	0.467 
004717 	0.543 	0.143 	0.157 	0.461 
004718 	0.543 	0.142 	0.157 	0.461 
004719 	0.543 	0.146 	0.159 	0.453 
004720 	0.544 	0.146 	0.161 	0.451 
004721 	0.545 	0.146 	0.161 	0.450 
004722 	0.546 	0.146 	0.160 	0.452 
004723 	0.547 	0.146 	0.161 	0.455 
004724 	0.547 	0.144 	0.161 	0.455 
004725 	0.548 	0.145 	0.160 	0.456 
004726 	0.548 	0.148 	0.161 	0.452 
004727 	0.550 	0.145 	0.159 	0.452 
004728 	0.549 	0.143 	0.159 	0.449 
004729 	0.549 	0.144 	0.159 	0.448 
004730 	0.550 	0.139 	0.160 	0.451 
004731 	0.551 	0.135 	0.163 	0.456 
004732 	0.552 	0.134 	0.164 	0.456 
004733 	0.554 	0.130 	0.165 	0.461 
004734 	0.558 	0.132 	0.175 	0.462 
004735 	0.561 	0.135 	0.175 	0.463 
004736 	0.561 	0.138 	0.174 	0.465 
004737 	0.561 	0.138 	0.177 	0.464 
004738 	0.562 	0.140 	0.176 	0.460 
004739 	0.562 	0.140 	0.175 	0.459 
004740 	0.562 	0.140 	0.175 	0.459 
004741 	0.562 	0.141 	0.175 	0.462 
004742 	0.562 	0.141 	0.177 	0.464 
004743 	0.562 	0.140 	0.175 	0.464 
004744 	0.562 	0.141 	0.176 	0.462 
004745 	0.561 	0.142 	0.175 	0.464 
004746 	0.560 	0.144 	0.178 	0.463 
004747 	0.560 	0.146 	0.177 	0.465 
004748 	0.559 	0.149 	0.175 	0.467 
004749 	0.558 	0.146 	0.177 	0.470 
004750 	0.558 	0.147 	0.177 	0.466 
004751 	0.557 	0.146 	0.179 	0.466 
004752 	0.557 	0.145 	0.180 	0.470 
004753 	0.557 	0.145 	0.178 	0.474 
004754 	0.556 	0.145 	0.179 	0.473 
004755 	0.556 	0.144 	0.180 	0.473 
004756 	0.558 	0.147 	0.177 	0.463 
004757 	0.557 	0.146 	0.177 	0.470 
004758 	0.557 	0.144 	0.176 	0.478 
004759 	0.557 	0.143 	0.175 	0.480 
004760 	0.558 	0.143 	0.175 	0.482 
004761 	0.557 	0.146 	0.176 	0.475 
004762 	0.558 	0.146 	0.177 	0.472 
004763 	0.557 	0.147 	0.180 	0.469 
004764 	0.559 	0.147 	0.176 	0.466 
004765 	0.559 	0.147 	0.176 	0.466 
004766 	0.559 	0.145 	0.176 	0.468 
004767 	0.559 	0.146 	0.177 	0.467 
004768 	0.559 	0.146 	0.176 	0.470 
004769 	0.559 	0.147 	0.176 	0.465 
004770 	0.559 	0.147 	0.176 	0.467 
004771 	0.559 	0.145 	0.176 	0.470 
004772 	0.559 	0.147 	0.176 	0.469 
004773 	0.559 	0.147 	0.176 	0.468 
004774 	0.557 	0.147 	0.175 	0.471 
004775 	0.557 	0.145 	0.175 	0.475 
004776 	0.556 	0.144 	0.176 	0.478 
004777 	0.555 	0.142 	0.177 	0.480 
004778 	0.554 	0.142 	0.178 	0.483 
004779 	0.553 	0.140 	0.179 	0.487 
004780 	0.552 	0.139 	0.176 	0.487 
004781 	0.552 	0.135 	0.176 	0.488 
004782 	0.559 	0.125 	0.167 	0.491 
004783 	0.557 	0.123 	0.167 	0.488 
004784 	0.555 	0.122 	0.170 	0.491 
004785 	0.551 	0.121 	0.167 	0.490 
004786 	0.548 	0.122 	0.168 	0.490 
004787 	0.545 	0.125 	0.174 	0.482 
004788 	0.542 	0.128 	0.180 	0.471 
004789 	0.541 	0.130 	0.179 	0.473 
004790 	0.541 	0.130 	0.179 	0.473 
004791 	0.538 	0.134 	0.175 	0.472 
004792 	0.539 	0.136 	0.180 	0.472 
004793 	0.538 	0.138 	0.177 	0.471 
004794 	0.538 	0.140 	0.175 	0.473 
004795 	0.538 	0.135 	0.174 	0.480 
004796 	0.538 	0.137 	0.173 	0.476 
004797 	0.539 	0.135 	0.176 	0.476 
004798 	0.540 	0.132 	0.179 	0.477 
004799 	0.540 	0.135 	0.175 	0.475 
004800 	0.540 	0.136 	0.175 	0.478 
004801 	0.540 	0.134 	0.176 	0.480 
004802 	0.542 	0.136 	0.179 	0.476 
004803 	0.544 	0.135 	0.184 	0.479 
004804 	0.547 	0.148 	0.199 	0.472 
004805 	0.548 	0.146 	0.194 	0.476 
004806 	0.551 	0.148 	0.193 	0.473 
004807 	0.553 	0.145 	0.195 	0.475 
004808 	0.557 	0.146 	0.190 	0.477 
004809 	0.559 	0.145 	0.191 	0.481 
004810 	0.563 	0.147 	0.189 	0.475 
004811 	0.564 	0.143 	0.195 	0.474 
004812 	0.567 	0.145 	0.196 	0.469 
004813 	0.570 	0.147 	0.192 	0.467 
004814 	0.573 	0.145 	0.189 	0.471 
004815 	0.573 	0.145 	0.189 	0.471 
004816 	0.578 	0.145 	0.186 	0.465 
004817 	0.582 	0.146 	0.184 	0.466 
004818 	0.588 	0.144 	0.183 	0.465 
004819 	0.593 	0.140 	0.188 	0.467 
004820 	0.599 	0.136 	0.189 	0.475 
004821 	0.603 	0.135 	0.189 	0.475 
004822 	0.605 	0.137 	0.186 	0.475 
004823 	0.611 	0.134 	0.187 	0.481 
004824 	0.613 	0.137 	0.190 	0.474 
004825 	0.616 	0.136 	0.185 	0.471 
004826 	0.617 	0.136 	0.191 	0.465 
004827 	0.619 	0.138 	0.191 	0.461 
004828 	0.621 	0.136 	0.195 	0.460 
004829 	0.623 	0.134 	0.192 	0.458 
004830 	0.622 	0.134 	0.190 	0.459 
004831 	0.625 	0.135 	0.188 	0.457 
004832 	0.625 	0.136 	0.189 	0.460 
004833 	0.626 	0.136 	0.187 	0.462 
004834 	0.626 	0.137 	0.187 	0.458 
004835 	0.628 	0.136 	0.185 	0.461 
004836 	0.628 	0.135 	0.186 	0.460 
004837 	0.628 	0.131 	0.184 	0.467 
004838 	0.628 	0.127 	0.182 	0.473 
004839 	0.628 	0.130 	0.175 	0.463 
004840 	0.628 	0.130 	0.175 	0.463 
004841 	0.629 	0.131 	0.174 	0.457 
004842 	0.628 	0.126 	0.179 	0.462 
004843 	0.630 	0.121 	0.177 	0.471 
004844 	0.632 	0.121 	0.177 	0.472 
004845 	0.632 	0.120 	0.180 	0.470 
004846 	0.633 	0.117 	0.182 	0.479 
004847 	0.636 	0.117 	0.179 	0.487 
004848 	0.638 	0.118 	0.179 	0.486 
004849 	0.637 	0.117 	0.182 	0.477 
004850 	0.638 	0.123 	0.185 	0.465 
004851 	0.639 	0.123 	0.182 	0.462 
004852 	0.639 	0.123 	0.183 	0.465 
004853 	0.640 	0.126 	0.183 	0.460 
004854 	0.639 	0.129 	0.182 	0.463 
004855 	0.638 	0.130 	0.182 	0.466 
004856 	0.636 	0.133 	0.182 	0.468 
004857 	0.634 	0.134 	0.184 	0.469 
004858 	0.635 	0.137 	0.184 	0.469 
004859 	0.633 	0.138 	0.188 	0.472 
004860 	0.634 	0.137 	0.182 	0.477 
004861 	0.633 	0.138 	0.184 	0.476 
004862 	0.632 	0.140 	0.183 	0.475 
004863 	0.631 	0.141 	0.182 	0.474 
004864 	0.631 	0.143 	0.183 	0.469 
004865 	0.631 	0.143 	0.183 	0.469 
004866 	0.630 	0.140 	0.183 	0.472 
004867 	0.628 	0.142 	0.184 	0.473 
004868 	0.629 	0.143 	0.183 	0.471 
004869 	0.630 	0.142 	0.184 	0.472 
004870 	0.630 	0.143 	0.185 	0.471 
004871 	0.629 	0.142 	0.186 	0.470 
004872 	0.630 	0.141 	0.184 	0.469 
004873 	0.630 	0.142 	0.183 	0.467 
004874 	0.629 	0.141 	0.184 	0.471 
004875 	0.629 	0.145 	0.183 	0.469 
004876 	0.628 	0.144 	0.182 	0.473 
004877 	0.627 	0.144 	0.181 	0.472 
004878 	0.626 	0.144 	0.181 	0.474 
004879 	0.625 	0.142 	0.183 	0.476 
004880 	0.625 	0.138 	0.183 	0.481 
004881 	0.623 	0.139 	0.185 	0.471 
004882 	0.623 	0.142 	0.182 	0.464 
004883 	0.621 	0.143 	0.184 	0.458 
004884 	0.620 	0.140 	0.185 	0.461 
004885 	0.619 	0.143 	0.182 	0.457 
004886 	0.619 	0.142 	0.182 	0.461 
004887 	0.618 	0.144 	0.183 	0.462 
004888 	0.619 	0.144 	0.182 	0.462 
004889 	0.619 	0.144 	0.182 	0.466 
004890 	0.619 	0.144 	0.182 	0.466 
004891 	0.620 	0.145 	0.181 	0.463 
004892 	0.620 	0.145 	0.181 	0.464 
004893 	0.620 	0.146 	0.182 	0.461 
004894 	0.621 	0.146 	0.181 	0.461 
004895 	0.622 	0.147 	0.184 	0.461 
004896 	0.623 	0.148 	0.183 	0.459 
004897 	0.624 	0.148 	0.183 	0.460 
004898 	0.627 	0.147 	0.184 	0.464 
004899 	0.628 	0.148 	0.181 	0.463 
004900 	0.631 	0.147 	0.181 	0.465 
004901 	0.632 	0.146 	0.182 	0.468 
004902 	0.633 	0.144 	0.182 	0.472 
004903 	0.635 	0.146 	0.180 	0.469 
004904 	0.636 	0.146 	0.180 	0.469 
004905 	0.639 	0.145 	0.180 	0.472 
004906 	0.640 	0.145 	0.181 	0.470 
004907 	0.641 	0.143 	0.181 	0.473 
004908 	0.643 	0.144 	0.180 	0.471 
004909 	0.644 	0.140 	0.179 	0.482 
004910 	0.645 	0.141 	0.180 	0.486 
004911 	0.645 	0.141 	0.179 	0.492 
004912 	0.647 	0.140 	0.180 	0.497 
004913 	0.647 	0.137 	0.178 	0.498 
004914 	0.648 	0.137 	0.178 	0.499 
004915 	0.648 	0.137 	0.178 	0.499 
004916 	0.647 	0.134 	0.179 	0.504 
004917 	0.647 	0.132 	0.179 	0.511 
004918 	0.648 	0.132 	0.180 	0.511 
004919 	0.649 	0.134 	0.179 	0.505 
004920 	0.650 	0.130 	0.184 	0.492 
004921 	0.650 	0.134 	0.186 	0.476 
004922 	0.655 	0.132 	0.185 	0.481 
004923 	0.653 	0.138 	0.188 	0.482 
004924 	0.656 	0.142 	0.186 	0.472 
004925 	0.659 	0.143 	0.188 	0.471 
004926 	0.661 	0.140 	0.190 	0.475 
004927 	0.663 	0.139 	0.188 	0.485 
004928 	0.663 	0.138 	0.187 	0.480 
004929 	0.664 	0.139 	0.189 	0.472 
004930 	0.664 	0.139 	0.188 	0.469 
004931 	0.664 	0.138 	0.189 	0.471 
004932 	0.663 	0.135 	0.185 	0.471 
004933 	0.663 	0.133 	0.184 	0.472 
004934 	0.662 	0.131 	0.185 	0.489 
004935 	0.661 	0.128 	0.182 	0.510 
004936 	0.658 	0.131 	0.185 	0.506 
004937 	0.658 	0.132 	0.182 	0.505 
004938 	0.657 	0.132 	0.179 	0.498 
004939 	0.657 	0.131 	0.182 	0.496 
004940 	0.657 	0.131 	0.182 	0.496 
004941 	0.658 	0.134 	0.182 	0.487 
004942 	0.658 	0.134 	0.181 	0.491 
004943 	0.658 	0.131 	0.179 	0.504 
004944 	0.658 	0.134 	0.179 	0.498 
004945 	0.658 	0.138 	0.181 	0.491 
004946 	0.658 	0.140 	0.182 	0.489 
004947 	0.658 	0.142 	0.180 	0.485 
004948 	0.659 	0.144 	0.179 	0.484 
004949 	0.658 	0.145 	0.179 	0.487 
004950 	0.657 	0.144 	0.178 	0.494 
004951 	0.657 	0.144 	0.179 	0.492 
004952 	0.657 	0.144 	0.179 	0.486 
004953 	0.661 	0.137 	0.172 	0.485 
004954 	0.662 	0.137 	0.171 	0.486 
004955 	0.661 	0.139 	0.172 	0.486 
004956 	0.661 	0.138 	0.173 	0.483 
004957 	0.660 	0.137 	0.175 	0.483 
004958 	0.659 	0.138 	0.177 	0.483 
004959 	0.659 	0.138 	0.176 	0.479 
004960 	0.659 	0.138 	0.176 	0.478 
004961 	0.660 	0.138 	0.175 	0.479 
004962 	0.660 	0.141 	0.174 	0.476 
004963 	0.662 	0.137 	0.171 	0.484 
004964 	0.656 	0.146 	0.180 	0.493 
004965 	0.656 	0.146 	0.180 	0.493 
004966 	0.656 	0.143 	0.180 	0.498 
004967 	0.658 	0.141 	0.180 	0.495 
004968 	0.657 	0.143 	0.182 	0.479 
004969 	0.658 	0.144 	0.182 	0.474 
004970 	0.657 	0.145 	0.181 	0.468 
004971 	0.657 	0.143 	0.185 	0.471 
004972 	0.657 	0.142 	0.185 	0.472 
004973 	0.657 	0.142 	0.184 	0.472 
004974 	0.657 	0.141 	0.181 	0.479 
004975 	0.657 	0.140 	0.181 	0.480 
004976 	0.656 	0.141 	0.182 	0.479 
004977 	0.657 	0.138 	0.184 	0.488 
004978 	0.655 	0.141 	0.183 	0.482 
004979 	0.659 	0.137 	0.181 	0.483 
004980 	0.658 	0.136 	0.179 	0.485 
004981 	0.657 	0.137 	0.178 	0.482 
004982 	0.655 	0.135 	0.178 	0.478 
004983 	0.654 	0.135 	0.178 	0.474 
004984 	0.653 	0.134 	0.178 	0.468 
004985 	0.653 	0.133 	0.180 	0.463 
004986 	0.653 	0.133 	0.180 	0.463 
004987 	0.651 	0.132 	0.180 	0.465 
004988 	0.651 	0.131 	0.180 	0.467 
004989 	0.650 	0.131 	0.179 	0.461 
004990 	0.650 	0.131 	0.179 	0.461 
004991 	0.648 	0.130 	0.178 	0.467 
004992 	0.647 	0.124 	0.175 	0.482 
004993 	0.644 	0.122 	0.179 	0.479 
004994 	0.640 	0.118 	0.181 	0.473 
004995 	0.635 	0.115 	0.182 	0.473 
004996 	0.632 	0.114 	0.183 	0.475 
004997 	0.630 	0.111 	0.182 	0.480 
004998 	0.628 	0.115 	0.181 	0.476 
004999 	0.628 	0.114 	0.182 	0.478 
005000 	0.626 	0.119 	0.185 	0.471 
005001 	0.624 	0.124 	0.182 	0.470 
005002 	0.624 	0.124 	0.182 	0.474 
005003 	0.623 	0.122 	0.184 	0.475 
005004 	0.622 	0.126 	0.184 	0.465 
005005 	0.621 	0.126 	0.185 	0.459 
005006 	0.620 	0.125 	0.183 	0.465 
005007 	0.620 	0.124 	0.180 	0.470 
005008 	0.619 	0.126 	0.179 	0.469 
005009 	0.618 	0.125 	0.181 	0.465 
005010 	0.617 	0.127 	0.179 	0.464 
005011 	0.616 	0.129 	0.180 	0.464 
005012 	0.613 	0.128 	0.181 	0.467 
005013 	0.613 	0.128 	0.179 	0.468 
005014 	0.612 	0.126 	0.180 	0.469 
005015 	0.612 	0.126 	0.180 	0.469 
005016 	0.612 	0.129 	0.181 	0.471 
005017 	0.612 	0.133 	0.180 	0.467 
005018 	0.613 	0.128 	0.178 	0.478 
005019 	0.613 	0.131 	0.178 	0.479 
005020 	0.614 	0.135 	0.176 	0.475 
005021 	0.616 	0.132 	0.178 	0.484 
005022 	0.617 	0.130 	0.182 	0.489 
005023 	0.618 	0.132 	0.182 	0.489 
005024 	0.621 	0.131 	0.183 	0.492 
005025 	0.622 	0.133 	0.180 	0.488 
005026 	0.623 	0.131 	0.182 	0.489 
005027 	0.623 	0.128 	0.188 	0.479 
005028 	0.623 	0.130 	0.189 	0.471 
005029 	0.623 	0.132 	0.189 	0.472 
005030 	0.624 	0.132 	0.187 	0.482 
005031 	0.623 	0.133 	0.188 	0.479 
005032 	0.623 	0.135 	0.187 	0.477 
005033 	0.624 	0.136 	0.185 	0.480 
005034 	0.625 	0.136 	0.185 	0.487 
005035 	0.624 	0.134 	0.187 	0.497 
005036 	0.624 	0.136 	0.188 	0.499 
005037 	0.624 	0.138 	0.189 	0.501 
005038 	0.625 	0.140 	0.187 	0.495 
005039 	0.625 	0.141 	0.186 	0.489 
005040 	0.625 	0.141 	0.186 	0.489 
005041 	0.624 	0.144 	0.186 	0.477 
005042 	0.623 	0.147 	0.184 	0.468 
005043 	0.621 	0.146 	0.187 	0.468 
005044 	0.619 	0.149 	0.188 	0.465 
005045 	0.618 	0.148 	0.188 	0.465 
005046 	0.618 	0.146 	0.189 	0.464 
005047 	0.617 	0.144 	0.186 	0.462 
005048 	0.616 	0.143 	0.189 	0.463 
005049 	0.616 	0.143 	0.184 	0.457 
005050 	0.615 	0.139 	0.180 	0.460 
005051 	0.613 	0.143 	0.180 	0.454 
005052 	0.611 	0.139 	0.183 	0.460 
005053 	0.611 	0.137 	0.181 	0.462 
005054 	0.609 	0.135 	0.182 	0.464 
005055 	0.608 	0.133 	0.180 	0.468 
005056 	0.607 	0.134 	0.178 	0.466 
005057 	0.604 	0.133 	0.178 	0.464 
005058 	0.602 	0.131 	0.178 	0.465 
005059 	0.601 	0.132 	0.177 	0.459 
005060 	0.599 	0.131 	0.178 	0.461 
005061 	0.598 	0.128 	0.179 	0.464 
005062 	0.596 	0.130 	0.180 	0.461 
005063 	0.594 	0.130 	0.181 	0.462 
005064 	0.592 	0.128 	0.182 	0.461 
005065 	0.592 	0.128 	0.182 	0.461 
005066 	0.590 	0.128 	0.183 	0.459 
005067 	0.588 	0.129 	0.182 	0.460 
005068 	0.588 	0.129 	0.182 	0.460 
005069 	0.586 	0.127 	0.180 	0.464 
005070 	0.583 	0.127 	0.182 	0.463 
005071 	0.582 	0.125 	0.183 	0.464 
005072 	0.580 	0.124 	0.184 	0.466 
005073 	0.579 	0.124 	0.185 	0.466 
005074 	0.579 	0.123 	0.185 	0.471 
005075 	0.578 	0.122 	0.186 	0.473 

WORD START END ASDSCORE
COULDN'T 0.08 0.38 4.1
VOTE 0.38 0.76 5.4
AND 1.24 1.40 4.7
I 1.40 1.62 6.9
COULDN'T 1.62 1.99 7.2
RUN 1.99 2.27 6.7
FOR 2.27 2.50 6.2
OFFICE 2.50 3.17 5.6
SO 4.62 4.82 6.9
IN 4.82 4.93 8.5
2000 4.93 5.86 7.3
WHEN 5.86 6.05 7.5
IT 6.05 6.15 8.9
WAS 6.15 6.35 8.9
ANNOUNCED 6.35 6.99 9.0
THAT 7.45 7.62 4.4
THE 7.62 7.69 3.7
CITIZENSHIP 7.69 8.42 5.8
APPLICATION 8.42 9.11 9.2
FEE 9.11 9.37 6.0
WAS 9.37 9.57 4.9
GOING 9.57 9.81 6.2
TO 9.81 9.95 7.2
MORE 9.95 10.33 7.2
THAN 10.33 10.58 7.0
DOUBLE 10.58 11.15 9.1
FROM 11.28 11.44 3.4
95 11.44 12.06 7.9
DOLLARS 12.06 12.62 4.8
TO 12.62 12.73 1.3
225 12.73 13.81 6.3
DOLLARS 13.81 14.45 7.8
I 14.99 15.09 5.7
DECIDED 15.09 15.56 6.2
IT 15.56 15.66 6.4
WAS 15.66 15.79 6.4
TIME 15.79 16.07 8.1
TO 16.07 16.19 8.5
APPLY 16.19 16.57 8.5
BEFORE 17.01 17.42 7.0
I 17.42 17.52 7.9
COULD 17.52 17.72 7.5
NO 17.72 17.91 4.9
LONGER 17.91 18.33 4.1
AFFORD 18.33 18.74 5.5
IT 18.74 18.88 10.1
I 20.29 20.38 7.4
FILLED 20.38 20.60 7.5
OUT 20.60 20.77 6.9
A 20.77 20.80 6.2
LONG 20.80 21.25 8.2
APPLICATION 21.25 22.05 6.9
ANSWERING 22.13 22.56 6.6
QUESTIONS 22.56 23.13 5.8
ABOUT 23.13 23.36 5.4
MY 23.36 23.50 6.7
CURRENT 23.50 24.02 6.7
AND 24.54 24.71 6.2
MY 24.71 24.85 8.0
PAST 24.85 25.40 9.8
AFFILIATIONS 25.40 26.47 2.9
