Text:  ARE TWO THINGS I LEARNED WHEN I BECAME COMMISSIONER FIRST WELL MEANING NEW YORKERS WHO WERE IN CITY GOVERNMENT HOLDING GOVERNMENT POSITIONS HAD NO IDEA HOW SCARED IMMIGRANTS WERE OF LAW ENFORCEMENT MOST OF US DON'T REALLY KNOW THE DIFFERENCE DO WE BETWEEN A SHERIFF AND LOCAL POLICE AND THE FBI 
Conf:  1
Ref:   0d6iSvF1UmA

FRAME 	X 	Y 	W 	H 
008496 	0.657 	0.105 	0.076 	0.187 
008497 	0.657 	0.105 	0.077 	0.186 
008498 	0.659 	0.107 	0.076 	0.185 
008499 	0.659 	0.107 	0.077 	0.185 
008500 	0.660 	0.109 	0.076 	0.185 
008501 	0.661 	0.111 	0.076 	0.185 
008502 	0.662 	0.112 	0.075 	0.186 
008503 	0.662 	0.112 	0.075 	0.185 
008504 	0.662 	0.112 	0.075 	0.183 
008505 	0.662 	0.113 	0.075 	0.182 
008506 	0.662 	0.112 	0.077 	0.185 
008507 	0.662 	0.113 	0.076 	0.186 
008508 	0.662 	0.112 	0.075 	0.188 
008509 	0.662 	0.111 	0.075 	0.189 
008510 	0.661 	0.109 	0.077 	0.189 
008511 	0.661 	0.108 	0.078 	0.189 
008512 	0.661 	0.107 	0.078 	0.190 
008513 	0.662 	0.106 	0.077 	0.190 
008514 	0.663 	0.104 	0.077 	0.191 
008515 	0.663 	0.104 	0.077 	0.191 
008516 	0.664 	0.100 	0.078 	0.193 
008517 	0.665 	0.099 	0.077 	0.192 
008518 	0.666 	0.100 	0.078 	0.191 
008519 	0.667 	0.101 	0.078 	0.188 
008520 	0.668 	0.101 	0.078 	0.187 
008521 	0.670 	0.101 	0.078 	0.188 
008522 	0.671 	0.102 	0.077 	0.187 
008523 	0.673 	0.101 	0.078 	0.188 
008524 	0.674 	0.098 	0.079 	0.191 
008525 	0.676 	0.099 	0.079 	0.190 
008526 	0.678 	0.097 	0.079 	0.192 
008527 	0.681 	0.098 	0.080 	0.190 
008528 	0.683 	0.097 	0.080 	0.190 
008529 	0.686 	0.094 	0.079 	0.193 
008530 	0.688 	0.094 	0.079 	0.194 
008531 	0.691 	0.093 	0.077 	0.195 
008532 	0.694 	0.093 	0.078 	0.200 
008533 	0.697 	0.097 	0.075 	0.199 
008534 	0.699 	0.097 	0.075 	0.197 
008535 	0.700 	0.096 	0.077 	0.192 
008536 	0.702 	0.097 	0.077 	0.194 
008537 	0.705 	0.097 	0.078 	0.195 
008538 	0.709 	0.099 	0.079 	0.192 
008539 	0.711 	0.098 	0.078 	0.196 
008540 	0.711 	0.098 	0.078 	0.196 
008541 	0.713 	0.096 	0.079 	0.199 
008542 	0.716 	0.096 	0.080 	0.197 
008543 	0.719 	0.098 	0.077 	0.191 
008544 	0.721 	0.099 	0.077 	0.191 
008545 	0.723 	0.099 	0.077 	0.193 
008546 	0.725 	0.100 	0.077 	0.191 
008547 	0.728 	0.101 	0.076 	0.190 
008548 	0.730 	0.102 	0.076 	0.189 
008549 	0.732 	0.101 	0.076 	0.190 
008550 	0.736 	0.106 	0.076 	0.186 
008551 	0.737 	0.104 	0.077 	0.187 
008552 	0.739 	0.104 	0.077 	0.188 
008553 	0.741 	0.102 	0.079 	0.193 
008554 	0.743 	0.102 	0.079 	0.191 
008555 	0.745 	0.102 	0.077 	0.190 
008556 	0.747 	0.101 	0.078 	0.192 
008557 	0.748 	0.102 	0.078 	0.189 
008558 	0.749 	0.102 	0.079 	0.188 
008559 	0.751 	0.103 	0.078 	0.187 
008560 	0.752 	0.103 	0.080 	0.188 
008561 	0.753 	0.104 	0.080 	0.186 
008562 	0.754 	0.106 	0.080 	0.184 
008563 	0.755 	0.106 	0.080 	0.185 
008564 	0.757 	0.106 	0.080 	0.184 
008565 	0.757 	0.106 	0.080 	0.184 
008566 	0.758 	0.106 	0.078 	0.186 
008567 	0.759 	0.105 	0.078 	0.188 
008568 	0.760 	0.106 	0.079 	0.186 
008569 	0.762 	0.106 	0.078 	0.185 
008570 	0.762 	0.106 	0.077 	0.183 
008571 	0.763 	0.107 	0.077 	0.183 
008572 	0.763 	0.107 	0.076 	0.184 
008573 	0.763 	0.106 	0.077 	0.184 
008574 	0.761 	0.106 	0.078 	0.187 
008575 	0.760 	0.106 	0.079 	0.187 
008576 	0.759 	0.106 	0.078 	0.188 
008577 	0.758 	0.105 	0.077 	0.191 
008578 	0.756 	0.104 	0.078 	0.192 
008579 	0.756 	0.103 	0.077 	0.194 
008580 	0.755 	0.102 	0.077 	0.195 
008581 	0.753 	0.100 	0.078 	0.196 
008582 	0.752 	0.099 	0.077 	0.198 
008583 	0.751 	0.099 	0.077 	0.198 
008584 	0.750 	0.097 	0.076 	0.201 
008585 	0.749 	0.097 	0.077 	0.201 
008586 	0.748 	0.096 	0.078 	0.202 
008587 	0.747 	0.095 	0.078 	0.201 
008588 	0.746 	0.093 	0.080 	0.202 
008589 	0.746 	0.095 	0.077 	0.198 
008590 	0.746 	0.095 	0.077 	0.198 
008591 	0.743 	0.093 	0.078 	0.198 
008592 	0.742 	0.092 	0.078 	0.195 
008593 	0.741 	0.092 	0.077 	0.192 
008594 	0.740 	0.091 	0.077 	0.190 
008595 	0.737 	0.089 	0.078 	0.187 
008596 	0.735 	0.089 	0.078 	0.188 
008597 	0.731 	0.089 	0.078 	0.186 
008598 	0.728 	0.087 	0.078 	0.185 
008599 	0.725 	0.087 	0.077 	0.180 
008600 	0.723 	0.089 	0.077 	0.178 
008601 	0.720 	0.089 	0.077 	0.179 
008602 	0.716 	0.090 	0.077 	0.183 
008603 	0.713 	0.091 	0.078 	0.191 
008604 	0.710 	0.093 	0.076 	0.186 
008605 	0.704 	0.092 	0.079 	0.190 
008606 	0.700 	0.091 	0.078 	0.192 
008607 	0.698 	0.094 	0.077 	0.188 
008608 	0.695 	0.095 	0.076 	0.188 
008609 	0.691 	0.098 	0.077 	0.188 
008610 	0.689 	0.097 	0.076 	0.191 
008611 	0.685 	0.097 	0.078 	0.191 
008612 	0.683 	0.100 	0.077 	0.188 
008613 	0.678 	0.099 	0.077 	0.187 
008614 	0.675 	0.097 	0.076 	0.189 
008615 	0.675 	0.097 	0.076 	0.189 
008616 	0.673 	0.096 	0.076 	0.191 
008617 	0.671 	0.097 	0.076 	0.192 
008618 	0.668 	0.097 	0.076 	0.192 
008619 	0.665 	0.097 	0.076 	0.193 
008620 	0.663 	0.097 	0.076 	0.192 
008621 	0.661 	0.097 	0.077 	0.193 
008622 	0.658 	0.096 	0.079 	0.194 
008623 	0.658 	0.098 	0.076 	0.194 
008624 	0.656 	0.099 	0.077 	0.191 
008625 	0.654 	0.099 	0.075 	0.185 
008626 	0.651 	0.095 	0.077 	0.188 
008627 	0.651 	0.093 	0.075 	0.191 
008628 	0.650 	0.093 	0.075 	0.195 
008629 	0.649 	0.092 	0.075 	0.200 
008630 	0.647 	0.093 	0.076 	0.198 
008631 	0.647 	0.094 	0.075 	0.195 
008632 	0.647 	0.095 	0.074 	0.193 
008633 	0.646 	0.093 	0.075 	0.189 
008634 	0.645 	0.093 	0.074 	0.190 
008635 	0.644 	0.094 	0.074 	0.194 
008636 	0.643 	0.096 	0.074 	0.199 
008637 	0.643 	0.096 	0.073 	0.199 
008638 	0.642 	0.097 	0.074 	0.198 
008639 	0.641 	0.097 	0.073 	0.196 
008640 	0.641 	0.097 	0.073 	0.196 
008641 	0.641 	0.096 	0.074 	0.196 
008642 	0.641 	0.095 	0.074 	0.196 
008643 	0.639 	0.094 	0.075 	0.196 
008644 	0.640 	0.093 	0.074 	0.195 
008645 	0.639 	0.094 	0.075 	0.196 
008646 	0.639 	0.094 	0.074 	0.197 
008647 	0.639 	0.095 	0.074 	0.195 
008648 	0.639 	0.096 	0.074 	0.196 
008649 	0.639 	0.097 	0.074 	0.196 
008650 	0.640 	0.099 	0.073 	0.195 
008651 	0.641 	0.100 	0.073 	0.192 
008652 	0.643 	0.100 	0.073 	0.193 
008653 	0.643 	0.099 	0.074 	0.192 
008654 	0.644 	0.098 	0.075 	0.192 
008655 	0.646 	0.096 	0.075 	0.193 
008656 	0.647 	0.096 	0.075 	0.192 
008657 	0.649 	0.096 	0.075 	0.192 
008658 	0.651 	0.098 	0.075 	0.190 
008659 	0.653 	0.099 	0.074 	0.189 
008660 	0.656 	0.100 	0.076 	0.190 
008661 	0.657 	0.100 	0.078 	0.192 
008662 	0.659 	0.098 	0.077 	0.194 
008663 	0.662 	0.099 	0.077 	0.195 
008664 	0.664 	0.099 	0.076 	0.193 
008665 	0.664 	0.099 	0.076 	0.193 
008666 	0.666 	0.100 	0.077 	0.190 
008667 	0.669 	0.099 	0.076 	0.190 
008668 	0.672 	0.099 	0.076 	0.190 
008669 	0.673 	0.097 	0.077 	0.192 
008670 	0.674 	0.096 	0.078 	0.190 
008671 	0.677 	0.097 	0.078 	0.189 
008672 	0.682 	0.099 	0.078 	0.188 
008673 	0.684 	0.096 	0.078 	0.191 
008674 	0.687 	0.095 	0.078 	0.192 
008675 	0.688 	0.095 	0.077 	0.192 
008676 	0.691 	0.095 	0.076 	0.192 
008677 	0.693 	0.095 	0.077 	0.193 
008678 	0.695 	0.093 	0.075 	0.193 
008679 	0.697 	0.090 	0.076 	0.192 
008680 	0.699 	0.095 	0.074 	0.180 
008681 	0.702 	0.094 	0.073 	0.180 
008682 	0.702 	0.095 	0.075 	0.182 
008683 	0.704 	0.096 	0.077 	0.184 
008684 	0.706 	0.095 	0.077 	0.188 
008685 	0.709 	0.092 	0.078 	0.190 
008686 	0.711 	0.092 	0.079 	0.197 
008687 	0.713 	0.094 	0.078 	0.194 
008688 	0.717 	0.092 	0.077 	0.197 
008689 	0.721 	0.095 	0.076 	0.194 
008690 	0.721 	0.095 	0.076 	0.194 
008691 	0.724 	0.094 	0.076 	0.193 
008692 	0.725 	0.093 	0.078 	0.192 
008693 	0.729 	0.093 	0.076 	0.188 
008694 	0.730 	0.093 	0.078 	0.185 
008695 	0.733 	0.094 	0.078 	0.186 
008696 	0.737 	0.095 	0.079 	0.187 
008697 	0.740 	0.094 	0.077 	0.191 
008698 	0.743 	0.096 	0.076 	0.191 
008699 	0.746 	0.095 	0.076 	0.193 
008700 	0.749 	0.097 	0.077 	0.191 
008701 	0.751 	0.096 	0.078 	0.193 
008702 	0.753 	0.097 	0.079 	0.193 
008703 	0.755 	0.101 	0.079 	0.187 
008704 	0.761 	0.104 	0.078 	0.185 
008705 	0.762 	0.102 	0.079 	0.186 
008706 	0.765 	0.104 	0.078 	0.187 
008707 	0.768 	0.104 	0.077 	0.189 
008708 	0.770 	0.103 	0.077 	0.192 
008709 	0.772 	0.105 	0.076 	0.190 
008710 	0.774 	0.106 	0.076 	0.187 
008711 	0.776 	0.105 	0.076 	0.186 
008712 	0.777 	0.106 	0.077 	0.189 
008713 	0.779 	0.104 	0.075 	0.190 
008714 	0.781 	0.105 	0.075 	0.188 
008715 	0.781 	0.105 	0.075 	0.188 
008716 	0.782 	0.105 	0.076 	0.188 
008717 	0.784 	0.110 	0.076 	0.184 
008718 	0.786 	0.111 	0.077 	0.183 
008719 	0.788 	0.111 	0.075 	0.184 
008720 	0.789 	0.110 	0.077 	0.186 
008721 	0.790 	0.108 	0.077 	0.186 
008722 	0.791 	0.106 	0.077 	0.187 
008723 	0.792 	0.104 	0.079 	0.188 
008724 	0.792 	0.103 	0.081 	0.190 
008725 	0.794 	0.102 	0.080 	0.190 
008726 	0.796 	0.103 	0.078 	0.192 
008727 	0.796 	0.105 	0.079 	0.188 
008728 	0.797 	0.107 	0.079 	0.186 
008729 	0.798 	0.108 	0.078 	0.186 
008730 	0.799 	0.108 	0.078 	0.186 
008731 	0.800 	0.110 	0.076 	0.186 
008732 	0.800 	0.111 	0.077 	0.188 
008733 	0.801 	0.111 	0.077 	0.185 
008734 	0.802 	0.111 	0.076 	0.185 
008735 	0.802 	0.112 	0.075 	0.186 
008736 	0.802 	0.114 	0.076 	0.184 
008737 	0.802 	0.113 	0.076 	0.185 
008738 	0.802 	0.113 	0.077 	0.185 
008739 	0.802 	0.113 	0.077 	0.183 
008740 	0.802 	0.113 	0.077 	0.183 
008741 	0.802 	0.113 	0.077 	0.183 
008742 	0.802 	0.112 	0.077 	0.184 
008743 	0.803 	0.112 	0.076 	0.184 
008744 	0.803 	0.112 	0.076 	0.186 
008745 	0.803 	0.112 	0.076 	0.186 
008746 	0.803 	0.112 	0.076 	0.186 
008747 	0.803 	0.112 	0.077 	0.186 
008748 	0.803 	0.113 	0.077 	0.186 
008749 	0.802 	0.113 	0.076 	0.187 
008750 	0.802 	0.111 	0.076 	0.191 
008751 	0.802 	0.109 	0.077 	0.193 
008752 	0.802 	0.106 	0.077 	0.197 
008753 	0.802 	0.104 	0.077 	0.199 
008754 	0.803 	0.103 	0.076 	0.200 
008755 	0.803 	0.103 	0.077 	0.200 
008756 	0.803 	0.103 	0.077 	0.201 
008757 	0.803 	0.103 	0.077 	0.200 
008758 	0.803 	0.103 	0.077 	0.201 
008759 	0.804 	0.103 	0.077 	0.199 
008760 	0.804 	0.104 	0.077 	0.194 
008761 	0.805 	0.105 	0.077 	0.188 
008762 	0.805 	0.106 	0.078 	0.186 
008763 	0.805 	0.106 	0.079 	0.185 
008764 	0.805 	0.106 	0.079 	0.186 
008765 	0.805 	0.106 	0.079 	0.186 
008766 	0.806 	0.109 	0.079 	0.184 
008767 	0.808 	0.111 	0.078 	0.182 
008768 	0.809 	0.113 	0.077 	0.182 
008769 	0.809 	0.113 	0.078 	0.185 
008770 	0.811 	0.113 	0.078 	0.185 
008771 	0.812 	0.113 	0.077 	0.183 
008772 	0.812 	0.112 	0.077 	0.183 
008773 	0.812 	0.111 	0.078 	0.182 
008774 	0.813 	0.110 	0.078 	0.184 
008775 	0.814 	0.110 	0.079 	0.185 
008776 	0.815 	0.111 	0.079 	0.188 
008777 	0.815 	0.112 	0.079 	0.187 
008778 	0.816 	0.113 	0.080 	0.185 
008779 	0.816 	0.113 	0.079 	0.183 
008780 	0.816 	0.114 	0.079 	0.183 
008781 	0.815 	0.115 	0.079 	0.181 
008782 	0.815 	0.116 	0.080 	0.183 
008783 	0.815 	0.117 	0.080 	0.182 
008784 	0.814 	0.117 	0.082 	0.183 
008785 	0.814 	0.117 	0.081 	0.184 
008786 	0.814 	0.117 	0.081 	0.183 
008787 	0.814 	0.116 	0.081 	0.185 
008788 	0.814 	0.117 	0.080 	0.183 
008789 	0.814 	0.116 	0.080 	0.184 
008790 	0.814 	0.116 	0.080 	0.184 
008791 	0.814 	0.117 	0.080 	0.183 
008792 	0.814 	0.116 	0.081 	0.184 
008793 	0.815 	0.115 	0.080 	0.187 
008794 	0.815 	0.115 	0.080 	0.188 
008795 	0.815 	0.115 	0.079 	0.190 
008796 	0.815 	0.115 	0.079 	0.188 
008797 	0.815 	0.114 	0.078 	0.184 
008798 	0.815 	0.113 	0.079 	0.183 
008799 	0.816 	0.113 	0.079 	0.184 
008800 	0.816 	0.114 	0.078 	0.184 
008801 	0.817 	0.113 	0.078 	0.185 
008802 	0.816 	0.115 	0.079 	0.184 
008803 	0.816 	0.116 	0.079 	0.182 
008804 	0.816 	0.117 	0.079 	0.183 
008805 	0.816 	0.118 	0.079 	0.183 
008806 	0.816 	0.119 	0.079 	0.186 
008807 	0.815 	0.119 	0.080 	0.189 
008808 	0.816 	0.119 	0.080 	0.191 
008809 	0.816 	0.120 	0.080 	0.187 
008810 	0.815 	0.122 	0.082 	0.189 
008811 	0.815 	0.122 	0.082 	0.189 
008812 	0.816 	0.122 	0.080 	0.183 
008813 	0.815 	0.122 	0.082 	0.186 
008814 	0.816 	0.120 	0.081 	0.183 
008815 	0.816 	0.120 	0.081 	0.183 
008816 	0.816 	0.119 	0.080 	0.183 
008817 	0.816 	0.118 	0.080 	0.183 
008818 	0.815 	0.118 	0.080 	0.185 
008819 	0.814 	0.118 	0.080 	0.184 
008820 	0.814 	0.118 	0.080 	0.183 
008821 	0.811 	0.120 	0.080 	0.188 
008822 	0.811 	0.120 	0.081 	0.190 
008823 	0.811 	0.121 	0.080 	0.191 
008824 	0.811 	0.121 	0.080 	0.188 
008825 	0.811 	0.121 	0.080 	0.188 
008826 	0.810 	0.120 	0.081 	0.187 
008827 	0.811 	0.122 	0.080 	0.181 
008828 	0.811 	0.122 	0.080 	0.180 
008829 	0.810 	0.121 	0.080 	0.182 
008830 	0.811 	0.122 	0.078 	0.180 
008831 	0.811 	0.123 	0.079 	0.180 
008832 	0.809 	0.121 	0.080 	0.189 
008833 	0.809 	0.121 	0.080 	0.188 
008834 	0.808 	0.121 	0.080 	0.190 
008835 	0.807 	0.120 	0.080 	0.190 
008836 	0.807 	0.120 	0.079 	0.191 
008837 	0.807 	0.120 	0.079 	0.191 
008838 	0.807 	0.120 	0.079 	0.192 
008839 	0.807 	0.120 	0.079 	0.191 
008840 	0.807 	0.120 	0.079 	0.191 
008841 	0.806 	0.119 	0.079 	0.193 
008842 	0.806 	0.120 	0.080 	0.193 
008843 	0.806 	0.120 	0.079 	0.193 
008844 	0.806 	0.119 	0.078 	0.193 
008845 	0.806 	0.120 	0.078 	0.193 
008846 	0.805 	0.119 	0.078 	0.193 
008847 	0.805 	0.119 	0.078 	0.193 
008848 	0.805 	0.118 	0.078 	0.194 
008849 	0.805 	0.118 	0.078 	0.193 
008850 	0.805 	0.118 	0.077 	0.193 
008851 	0.804 	0.118 	0.078 	0.193 
008852 	0.804 	0.118 	0.078 	0.194 
008853 	0.803 	0.118 	0.078 	0.195 
008854 	0.804 	0.117 	0.077 	0.194 
008855 	0.804 	0.122 	0.078 	0.186 
008856 	0.804 	0.121 	0.078 	0.187 
008857 	0.804 	0.121 	0.077 	0.187 
008858 	0.803 	0.121 	0.076 	0.188 
008859 	0.802 	0.120 	0.077 	0.188 
008860 	0.802 	0.118 	0.076 	0.187 
008861 	0.802 	0.118 	0.075 	0.187 
008862 	0.802 	0.117 	0.075 	0.189 
008863 	0.802 	0.117 	0.076 	0.187 
008864 	0.801 	0.117 	0.077 	0.188 
008865 	0.801 	0.117 	0.077 	0.188 
008866 	0.801 	0.117 	0.076 	0.189 
008867 	0.801 	0.116 	0.076 	0.189 
008868 	0.800 	0.117 	0.076 	0.190 
008869 	0.800 	0.115 	0.076 	0.189 
008870 	0.800 	0.115 	0.076 	0.190 
008871 	0.800 	0.114 	0.076 	0.188 
008872 	0.800 	0.115 	0.077 	0.183 
008873 	0.801 	0.115 	0.077 	0.182 
008874 	0.801 	0.118 	0.077 	0.181 
008875 	0.801 	0.121 	0.076 	0.182 
008876 	0.800 	0.122 	0.075 	0.184 
008877 	0.800 	0.122 	0.076 	0.184 
008878 	0.799 	0.122 	0.078 	0.183 
008879 	0.799 	0.121 	0.078 	0.181 
008880 	0.798 	0.121 	0.078 	0.179 
008881 	0.798 	0.120 	0.078 	0.178 
008882 	0.799 	0.121 	0.077 	0.179 
008883 	0.799 	0.120 	0.076 	0.180 
008884 	0.799 	0.121 	0.077 	0.180 
008885 	0.799 	0.121 	0.076 	0.180 
008886 	0.799 	0.121 	0.077 	0.180 
008887 	0.799 	0.120 	0.077 	0.180 
008888 	0.798 	0.120 	0.077 	0.182 
008889 	0.798 	0.119 	0.077 	0.184 
008890 	0.798 	0.119 	0.077 	0.184 
008891 	0.798 	0.118 	0.078 	0.185 
008892 	0.798 	0.119 	0.077 	0.184 
008893 	0.798 	0.119 	0.077 	0.181 
008894 	0.798 	0.118 	0.077 	0.180 
008895 	0.798 	0.119 	0.077 	0.180 
008896 	0.798 	0.119 	0.077 	0.180 
008897 	0.798 	0.119 	0.078 	0.180 
008898 	0.798 	0.119 	0.078 	0.180 
008899 	0.798 	0.119 	0.078 	0.179 
008900 	0.798 	0.119 	0.078 	0.179 
008901 	0.798 	0.119 	0.077 	0.180 
008902 	0.797 	0.118 	0.078 	0.179 
008903 	0.797 	0.119 	0.078 	0.179 
008904 	0.797 	0.119 	0.078 	0.179 
008905 	0.797 	0.118 	0.078 	0.179 
008906 	0.797 	0.118 	0.078 	0.180 
008907 	0.797 	0.118 	0.078 	0.182 
008908 	0.796 	0.118 	0.078 	0.184 
008909 	0.796 	0.117 	0.079 	0.188 
008910 	0.796 	0.116 	0.078 	0.192 
008911 	0.795 	0.116 	0.077 	0.193 
008912 	0.793 	0.114 	0.079 	0.196 
008913 	0.793 	0.115 	0.079 	0.197 
008914 	0.792 	0.113 	0.078 	0.197 
008915 	0.792 	0.113 	0.078 	0.197 
008916 	0.791 	0.113 	0.077 	0.196 
008917 	0.790 	0.114 	0.077 	0.188 
008918 	0.788 	0.113 	0.078 	0.182 
008919 	0.787 	0.113 	0.074 	0.184 
008920 	0.786 	0.113 	0.074 	0.186 
008921 	0.784 	0.111 	0.073 	0.187 
008922 	0.782 	0.111 	0.073 	0.187 
008923 	0.781 	0.110 	0.073 	0.187 
008924 	0.781 	0.113 	0.073 	0.186 
008925 	0.780 	0.114 	0.074 	0.188 
008926 	0.780 	0.114 	0.073 	0.186 
008927 	0.780 	0.114 	0.074 	0.187 
008928 	0.780 	0.116 	0.073 	0.187 
008929 	0.781 	0.117 	0.072 	0.187 
008930 	0.780 	0.117 	0.074 	0.187 
008931 	0.780 	0.118 	0.073 	0.185 
008932 	0.781 	0.117 	0.074 	0.185 
008933 	0.781 	0.117 	0.073 	0.185 
008934 	0.781 	0.118 	0.073 	0.184 
008935 	0.781 	0.116 	0.072 	0.185 
008936 	0.781 	0.117 	0.072 	0.186 
008937 	0.782 	0.117 	0.072 	0.186 
008938 	0.780 	0.118 	0.073 	0.187 
008939 	0.780 	0.119 	0.073 	0.186 
008940 	0.780 	0.119 	0.073 	0.186 
008941 	0.780 	0.119 	0.073 	0.186 
008942 	0.780 	0.118 	0.074 	0.190 
008943 	0.781 	0.119 	0.074 	0.188 
008944 	0.781 	0.119 	0.076 	0.188 
008945 	0.781 	0.118 	0.076 	0.188 
008946 	0.780 	0.118 	0.076 	0.188 
008947 	0.780 	0.119 	0.075 	0.186 
008948 	0.780 	0.119 	0.076 	0.186 
008949 	0.781 	0.119 	0.076 	0.184 
008950 	0.782 	0.119 	0.076 	0.184 
008951 	0.783 	0.119 	0.076 	0.184 
008952 	0.783 	0.119 	0.077 	0.185 
008953 	0.783 	0.120 	0.078 	0.186 
008954 	0.783 	0.120 	0.077 	0.185 
008955 	0.784 	0.119 	0.078 	0.183 
008956 	0.784 	0.121 	0.078 	0.179 
008957 	0.785 	0.121 	0.078 	0.180 
008958 	0.786 	0.122 	0.078 	0.178 
008959 	0.787 	0.121 	0.078 	0.181 
008960 	0.788 	0.118 	0.079 	0.179 
008961 	0.790 	0.118 	0.078 	0.179 
008962 	0.791 	0.118 	0.078 	0.179 
008963 	0.792 	0.118 	0.078 	0.180 
008964 	0.794 	0.117 	0.077 	0.180 
008965 	0.794 	0.117 	0.077 	0.180 
008966 	0.794 	0.117 	0.078 	0.180 
008967 	0.794 	0.117 	0.078 	0.181 
008968 	0.795 	0.117 	0.077 	0.182 
008969 	0.795 	0.118 	0.077 	0.184 
008970 	0.795 	0.118 	0.077 	0.187 
008971 	0.796 	0.119 	0.076 	0.185 
008972 	0.797 	0.121 	0.075 	0.180 
008973 	0.798 	0.123 	0.075 	0.180 
008974 	0.798 	0.123 	0.075 	0.180 
008975 	0.797 	0.123 	0.076 	0.180 
008976 	0.797 	0.123 	0.076 	0.180 
008977 	0.797 	0.124 	0.076 	0.179 
008978 	0.797 	0.122 	0.077 	0.181 
008979 	0.796 	0.120 	0.077 	0.186 
008980 	0.795 	0.117 	0.077 	0.189 
008981 	0.795 	0.117 	0.077 	0.189 
008982 	0.794 	0.117 	0.078 	0.187 
008983 	0.792 	0.118 	0.080 	0.187 
008984 	0.791 	0.118 	0.079 	0.187 
008985 	0.792 	0.119 	0.079 	0.186 
008986 	0.792 	0.120 	0.078 	0.185 
008987 	0.792 	0.121 	0.078 	0.183 
008988 	0.789 	0.122 	0.080 	0.186 
008989 	0.787 	0.123 	0.078 	0.189 
008990 	0.787 	0.123 	0.078 	0.189 
008991 	0.786 	0.120 	0.076 	0.192 
008992 	0.784 	0.119 	0.077 	0.195 
008993 	0.784 	0.120 	0.077 	0.197 
008994 	0.783 	0.120 	0.078 	0.194 
008995 	0.783 	0.121 	0.078 	0.191 
008996 	0.784 	0.121 	0.078 	0.191 
008997 	0.784 	0.122 	0.078 	0.191 
008998 	0.783 	0.122 	0.078 	0.190 
008999 	0.783 	0.121 	0.079 	0.190 
009000 	0.783 	0.121 	0.079 	0.189 
009001 	0.784 	0.121 	0.078 	0.189 
009002 	0.784 	0.122 	0.078 	0.188 
009003 	0.784 	0.121 	0.077 	0.189 
009004 	0.784 	0.122 	0.078 	0.188 
009005 	0.783 	0.121 	0.078 	0.189 
009006 	0.784 	0.121 	0.078 	0.189 
009007 	0.784 	0.121 	0.078 	0.189 
009008 	0.784 	0.121 	0.079 	0.190 
009009 	0.785 	0.121 	0.078 	0.190 
009010 	0.784 	0.120 	0.079 	0.192 
009011 	0.785 	0.120 	0.078 	0.192 
009012 	0.784 	0.118 	0.080 	0.192 
009013 	0.786 	0.121 	0.079 	0.184 
009014 	0.785 	0.120 	0.078 	0.183 
009015 	0.785 	0.120 	0.078 	0.183 
009016 	0.784 	0.120 	0.077 	0.183 
009017 	0.783 	0.120 	0.076 	0.183 
009018 	0.782 	0.120 	0.076 	0.182 
009019 	0.781 	0.121 	0.075 	0.183 
009020 	0.781 	0.121 	0.075 	0.185 
009021 	0.780 	0.122 	0.074 	0.184 
009022 	0.779 	0.122 	0.073 	0.184 
009023 	0.779 	0.123 	0.074 	0.184 
009024 	0.778 	0.117 	0.075 	0.195 
009025 	0.778 	0.117 	0.076 	0.195 
009026 	0.778 	0.116 	0.076 	0.197 
009027 	0.778 	0.117 	0.077 	0.198 
009028 	0.779 	0.118 	0.076 	0.196 
009029 	0.778 	0.118 	0.077 	0.196 
009030 	0.778 	0.117 	0.078 	0.197 
009031 	0.778 	0.118 	0.078 	0.196 
009032 	0.779 	0.118 	0.077 	0.196 
009033 	0.778 	0.118 	0.078 	0.195 
009034 	0.779 	0.119 	0.078 	0.194 
009035 	0.778 	0.117 	0.078 	0.197 
009036 	0.778 	0.116 	0.077 	0.197 
009037 	0.778 	0.118 	0.073 	0.188 
009038 	0.778 	0.115 	0.073 	0.189 
009039 	0.777 	0.115 	0.072 	0.189 
009040 	0.777 	0.115 	0.072 	0.189 
009041 	0.777 	0.114 	0.072 	0.191 
009042 	0.777 	0.116 	0.072 	0.191 
009043 	0.777 	0.118 	0.072 	0.188 
009044 	0.778 	0.118 	0.072 	0.187 
009045 	0.778 	0.119 	0.072 	0.184 
009046 	0.778 	0.118 	0.072 	0.183 
009047 	0.778 	0.118 	0.073 	0.186 
009048 	0.779 	0.119 	0.073 	0.185 
009049 	0.779 	0.118 	0.073 	0.188 
009050 	0.779 	0.118 	0.072 	0.189 
009051 	0.780 	0.117 	0.072 	0.190 
009052 	0.780 	0.117 	0.072 	0.189 
009053 	0.780 	0.118 	0.072 	0.188 
009054 	0.780 	0.117 	0.074 	0.189 
009055 	0.780 	0.117 	0.073 	0.189 
009056 	0.780 	0.116 	0.073 	0.189 
009057 	0.780 	0.116 	0.075 	0.190 
009058 	0.780 	0.117 	0.075 	0.187 
009059 	0.780 	0.118 	0.075 	0.186 

WORD START END ASDSCORE
ARE 0.07 0.14 2.7
TWO 0.14 0.34 6.1
THINGS 0.34 0.67 8.5
I 0.67 0.83 8.5
LEARNED 0.83 1.16 3.6
WHEN 1.16 1.47 3.5
I 1.47 1.56 8.0
BECAME 1.56 1.93 9.6
COMMISSIONER 1.93 2.54 2.4
FIRST 4.11 4.78 6.2
WELL 5.09 5.49 8.5
MEANING 5.49 5.83 6.2
NEW 5.83 5.97 2.8
YORKERS 6.35 7.24 3.7
WHO 7.28 7.40 7.9
WERE 7.40 7.62 8.2
IN 7.62 7.89 7.3
CITY 7.89 8.15 7.6
GOVERNMENT 8.15 8.64 9.7
HOLDING 8.64 9.14 8.2
GOVERNMENT 9.14 9.53 7.1
POSITIONS 9.53 10.11 3.2
HAD 10.11 10.67 10.2
NO 10.73 11.18 7.5
IDEA 11.18 11.63 8.1
HOW 11.63 12.07 5.2
SCARED 12.07 12.87 6.2
IMMIGRANTS 12.87 13.41 2.6
WERE 13.41 13.76 2.7
OF 14.93 15.10 8.9
LAW 15.10 15.28 10.7
ENFORCEMENT 15.28 15.91 9.9
MOST 16.86 17.17 9.0
OF 17.17 17.30 9.6
US 17.30 17.53 8.8
DON'T 17.58 17.78 5.4
REALLY 17.78 17.98 3.2
KNOW 17.98 18.15 2.4
THE 18.15 18.23 2.9
DIFFERENCE 18.23 18.73 4.9
DO 18.73 18.86 3.7
WE 18.86 19.03 4.7
BETWEEN 19.03 19.55 5.6
A 19.58 19.65 5.8
SHERIFF 19.65 20.20 7.3
AND 20.57 20.74 2.1
LOCAL 20.74 21.02 4.8
POLICE 21.02 21.61 6.6
AND 21.61 21.75 6.6
THE 21.75 21.85 6.0
FBI 21.85 22.44 7.3
