Text:  OF US WHEN WE SEE SOMEONE IN UNIFORM GOING THROUGH OUR NEIGHBORHOODS FEEL CURIOSITY IF NOT CONCERN SO IF YOU'RE AN UNDOCUMENTED PARENT EVERY DAY WHEN YOU SAY GOODBYE TO YOUR CHILD SEND THEM OFF TO SCHOOL AND GO TO WORK YOU DON'T KNOW WHAT THE CHANCES ARE THAT YOU'RE GOING TO SEE THEM AT THE END OF THE DAY BECAUSE A RAID AT YOUR WORKPLACE A CHANCE ENCOUNTER WITH LOCAL POLICE COULD CHANGE THE COURSE OF YOUR LIFE FOREVER 
Conf:  4
Ref:   0d6iSvF1UmA

FRAME 	X 	Y 	W 	H 
009095 	0.654 	0.148 	0.175 	0.473 
009096 	0.653 	0.149 	0.176 	0.469 
009097 	0.652 	0.145 	0.177 	0.467 
009098 	0.649 	0.149 	0.178 	0.463 
009099 	0.649 	0.149 	0.177 	0.471 
009100 	0.645 	0.152 	0.177 	0.469 
009101 	0.639 	0.153 	0.178 	0.467 
009102 	0.637 	0.157 	0.176 	0.464 
009103 	0.633 	0.157 	0.179 	0.465 
009104 	0.628 	0.154 	0.180 	0.466 
009105 	0.624 	0.154 	0.180 	0.465 
009106 	0.620 	0.153 	0.185 	0.465 
009107 	0.613 	0.149 	0.188 	0.468 
009108 	0.609 	0.155 	0.192 	0.459 
009109 	0.605 	0.151 	0.192 	0.474 
009110 	0.597 	0.154 	0.196 	0.469 
009111 	0.590 	0.155 	0.192 	0.463 
009112 	0.583 	0.152 	0.193 	0.465 
009113 	0.576 	0.144 	0.194 	0.473 
009114 	0.569 	0.145 	0.196 	0.469 
009115 	0.569 	0.145 	0.196 	0.469 
009116 	0.566 	0.140 	0.194 	0.474 
009117 	0.560 	0.139 	0.197 	0.473 
009118 	0.553 	0.139 	0.198 	0.478 
009119 	0.547 	0.138 	0.197 	0.473 
009120 	0.543 	0.128 	0.184 	0.478 
009121 	0.538 	0.129 	0.180 	0.479 
009122 	0.533 	0.129 	0.180 	0.479 
009123 	0.529 	0.130 	0.179 	0.484 
009124 	0.523 	0.127 	0.184 	0.482 
009125 	0.519 	0.130 	0.186 	0.481 
009126 	0.516 	0.133 	0.189 	0.475 
009127 	0.513 	0.133 	0.185 	0.474 
009128 	0.509 	0.136 	0.186 	0.474 
009129 	0.509 	0.138 	0.183 	0.467 
009130 	0.508 	0.136 	0.184 	0.473 
009131 	0.507 	0.134 	0.183 	0.475 
009132 	0.505 	0.134 	0.186 	0.475 
009133 	0.506 	0.132 	0.187 	0.475 
009134 	0.505 	0.135 	0.185 	0.470 
009135 	0.507 	0.135 	0.187 	0.468 
009136 	0.506 	0.133 	0.187 	0.472 
009137 	0.506 	0.135 	0.185 	0.474 
009138 	0.505 	0.133 	0.181 	0.474 
009139 	0.503 	0.130 	0.183 	0.478 
009140 	0.503 	0.130 	0.183 	0.478 
009141 	0.498 	0.131 	0.183 	0.474 
009142 	0.497 	0.132 	0.183 	0.470 
009143 	0.495 	0.133 	0.187 	0.468 
009144 	0.492 	0.133 	0.187 	0.464 
009145 	0.491 	0.138 	0.188 	0.457 
009146 	0.489 	0.138 	0.189 	0.453 
009147 	0.488 	0.140 	0.192 	0.449 
009148 	0.486 	0.138 	0.189 	0.454 
009149 	0.483 	0.136 	0.187 	0.458 
009150 	0.483 	0.138 	0.183 	0.462 
009151 	0.479 	0.136 	0.181 	0.467 
009152 	0.475 	0.132 	0.190 	0.474 
009153 	0.472 	0.133 	0.192 	0.476 
009154 	0.469 	0.140 	0.191 	0.470 
009155 	0.468 	0.137 	0.194 	0.476 
009156 	0.466 	0.138 	0.194 	0.474 
009157 	0.466 	0.142 	0.193 	0.472 
009158 	0.467 	0.143 	0.192 	0.479 
009159 	0.465 	0.146 	0.193 	0.474 
009160 	0.461 	0.145 	0.197 	0.480 
009161 	0.462 	0.143 	0.195 	0.484 
009162 	0.461 	0.147 	0.192 	0.482 
009163 	0.459 	0.146 	0.192 	0.488 
009164 	0.458 	0.148 	0.193 	0.487 
009165 	0.458 	0.148 	0.193 	0.487 
009166 	0.459 	0.147 	0.193 	0.484 
009167 	0.459 	0.151 	0.191 	0.483 
009168 	0.459 	0.148 	0.191 	0.489 
009169 	0.460 	0.146 	0.192 	0.485 
009170 	0.461 	0.145 	0.192 	0.495 
009171 	0.461 	0.141 	0.191 	0.494 
009172 	0.462 	0.141 	0.196 	0.490 
009173 	0.462 	0.143 	0.196 	0.487 
009174 	0.462 	0.143 	0.192 	0.482 
009175 	0.464 	0.144 	0.189 	0.485 
009176 	0.464 	0.147 	0.192 	0.479 
009177 	0.463 	0.150 	0.194 	0.472 
009178 	0.464 	0.144 	0.196 	0.480 
009179 	0.464 	0.141 	0.193 	0.481 
009180 	0.464 	0.145 	0.192 	0.475 
009181 	0.463 	0.144 	0.196 	0.476 
009182 	0.462 	0.145 	0.195 	0.475 
009183 	0.463 	0.145 	0.193 	0.472 
009184 	0.464 	0.148 	0.192 	0.472 
009185 	0.463 	0.150 	0.190 	0.470 
009186 	0.462 	0.146 	0.189 	0.477 
009187 	0.462 	0.144 	0.190 	0.478 
009188 	0.462 	0.146 	0.190 	0.478 
009189 	0.461 	0.149 	0.191 	0.476 
009190 	0.461 	0.149 	0.191 	0.476 
009191 	0.463 	0.147 	0.190 	0.476 
009192 	0.462 	0.148 	0.191 	0.472 
009193 	0.462 	0.149 	0.197 	0.466 
009194 	0.465 	0.149 	0.194 	0.465 
009195 	0.464 	0.145 	0.193 	0.469 
009196 	0.465 	0.142 	0.196 	0.470 
009197 	0.466 	0.144 	0.191 	0.465 
009198 	0.467 	0.142 	0.191 	0.469 
009199 	0.466 	0.141 	0.189 	0.476 
009200 	0.466 	0.139 	0.190 	0.480 
009201 	0.466 	0.142 	0.185 	0.475 
009202 	0.467 	0.141 	0.184 	0.473 
009203 	0.468 	0.144 	0.185 	0.467 
009204 	0.466 	0.143 	0.186 	0.467 
009205 	0.466 	0.144 	0.188 	0.467 
009206 	0.467 	0.143 	0.185 	0.465 
009207 	0.467 	0.147 	0.186 	0.461 
009208 	0.466 	0.147 	0.187 	0.462 
009209 	0.466 	0.146 	0.186 	0.462 
009210 	0.467 	0.144 	0.183 	0.467 
009211 	0.466 	0.146 	0.186 	0.462 
009212 	0.465 	0.147 	0.185 	0.462 
009213 	0.464 	0.143 	0.183 	0.464 
009214 	0.463 	0.140 	0.185 	0.462 
009215 	0.463 	0.140 	0.185 	0.462 
009216 	0.461 	0.136 	0.187 	0.459 
009217 	0.460 	0.136 	0.191 	0.456 
009218 	0.458 	0.132 	0.189 	0.460 
009219 	0.457 	0.134 	0.193 	0.462 
009220 	0.454 	0.137 	0.191 	0.473 
009221 	0.453 	0.141 	0.189 	0.480 
009222 	0.453 	0.142 	0.189 	0.478 
009223 	0.453 	0.142 	0.183 	0.478 
009224 	0.455 	0.144 	0.179 	0.469 
009225 	0.457 	0.147 	0.183 	0.465 
009226 	0.459 	0.148 	0.184 	0.469 
009227 	0.463 	0.147 	0.184 	0.469 
009228 	0.467 	0.149 	0.184 	0.471 
009229 	0.468 	0.152 	0.182 	0.464 
009230 	0.468 	0.151 	0.183 	0.465 
009231 	0.466 	0.148 	0.184 	0.469 
009232 	0.464 	0.148 	0.184 	0.468 
009233 	0.462 	0.146 	0.186 	0.470 
009234 	0.460 	0.147 	0.184 	0.471 
009235 	0.458 	0.146 	0.185 	0.472 
009236 	0.456 	0.147 	0.184 	0.471 
009237 	0.455 	0.150 	0.186 	0.464 
009238 	0.454 	0.150 	0.185 	0.463 
009239 	0.454 	0.147 	0.183 	0.466 
009240 	0.454 	0.147 	0.183 	0.466 
009241 	0.452 	0.148 	0.184 	0.466 
009242 	0.451 	0.147 	0.185 	0.468 
009243 	0.450 	0.148 	0.185 	0.464 
009244 	0.450 	0.149 	0.184 	0.462 
009245 	0.448 	0.149 	0.186 	0.464 
009246 	0.447 	0.150 	0.184 	0.464 
009247 	0.447 	0.150 	0.184 	0.463 
009248 	0.446 	0.149 	0.183 	0.461 
009249 	0.444 	0.149 	0.182 	0.466 
009250 	0.446 	0.140 	0.177 	0.478 
009251 	0.446 	0.143 	0.177 	0.473 
009252 	0.443 	0.143 	0.176 	0.467 
009253 	0.438 	0.143 	0.176 	0.461 
009254 	0.432 	0.144 	0.179 	0.455 
009255 	0.425 	0.141 	0.179 	0.465 
009256 	0.418 	0.142 	0.176 	0.469 
009257 	0.414 	0.142 	0.178 	0.479 
009258 	0.410 	0.146 	0.186 	0.467 
009259 	0.408 	0.149 	0.190 	0.458 
009260 	0.405 	0.151 	0.189 	0.459 
009261 	0.403 	0.146 	0.191 	0.465 
009262 	0.401 	0.142 	0.190 	0.465 
009263 	0.398 	0.141 	0.192 	0.464 
009264 	0.395 	0.142 	0.191 	0.464 
009265 	0.395 	0.142 	0.191 	0.464 
009266 	0.396 	0.148 	0.187 	0.456 
009267 	0.392 	0.149 	0.189 	0.463 
009268 	0.387 	0.153 	0.189 	0.460 
009269 	0.388 	0.155 	0.188 	0.456 
009270 	0.385 	0.154 	0.189 	0.457 
009271 	0.383 	0.150 	0.187 	0.462 
009272 	0.381 	0.150 	0.188 	0.462 
009273 	0.381 	0.153 	0.188 	0.461 
009274 	0.377 	0.151 	0.185 	0.466 
009275 	0.375 	0.153 	0.185 	0.466 
009276 	0.372 	0.156 	0.187 	0.462 
009277 	0.371 	0.156 	0.187 	0.461 
009278 	0.369 	0.155 	0.190 	0.462 
009279 	0.365 	0.157 	0.195 	0.460 
009280 	0.362 	0.156 	0.194 	0.461 
009281 	0.360 	0.155 	0.199 	0.461 
009282 	0.358 	0.156 	0.196 	0.459 
009283 	0.356 	0.157 	0.194 	0.461 
009284 	0.356 	0.157 	0.198 	0.459 
009285 	0.355 	0.160 	0.194 	0.458 
009286 	0.353 	0.162 	0.194 	0.453 
009287 	0.353 	0.160 	0.193 	0.458 
009288 	0.351 	0.161 	0.192 	0.455 
009289 	0.351 	0.160 	0.194 	0.456 
009290 	0.351 	0.160 	0.194 	0.456 
009291 	0.351 	0.159 	0.192 	0.456 
009292 	0.350 	0.161 	0.191 	0.454 
009293 	0.350 	0.159 	0.191 	0.456 
009294 	0.349 	0.159 	0.191 	0.458 
009295 	0.349 	0.159 	0.190 	0.466 
009296 	0.348 	0.159 	0.190 	0.470 
009297 	0.347 	0.159 	0.190 	0.474 
009298 	0.346 	0.157 	0.191 	0.479 
009299 	0.347 	0.157 	0.190 	0.477 
009300 	0.348 	0.157 	0.190 	0.476 
009301 	0.349 	0.154 	0.187 	0.478 
009302 	0.349 	0.154 	0.183 	0.478 
009303 	0.350 	0.156 	0.187 	0.469 
009304 	0.351 	0.154 	0.183 	0.469 
009305 	0.352 	0.153 	0.183 	0.467 
009306 	0.351 	0.154 	0.180 	0.462 
009307 	0.350 	0.153 	0.181 	0.462 
009308 	0.350 	0.153 	0.176 	0.463 
009309 	0.349 	0.152 	0.179 	0.470 
009310 	0.349 	0.155 	0.182 	0.462 
009311 	0.350 	0.157 	0.183 	0.462 
009312 	0.351 	0.159 	0.180 	0.462 
009313 	0.351 	0.158 	0.176 	0.468 
009314 	0.351 	0.161 	0.178 	0.472 
009315 	0.351 	0.161 	0.178 	0.472 
009316 	0.350 	0.161 	0.175 	0.472 
009317 	0.350 	0.164 	0.180 	0.469 
009318 	0.350 	0.164 	0.180 	0.468 
009319 	0.349 	0.163 	0.179 	0.468 
009320 	0.349 	0.163 	0.179 	0.478 
009321 	0.350 	0.160 	0.177 	0.481 
009322 	0.350 	0.160 	0.177 	0.480 
009323 	0.349 	0.160 	0.182 	0.481 
009324 	0.349 	0.160 	0.182 	0.488 
009325 	0.348 	0.164 	0.182 	0.487 
009326 	0.348 	0.163 	0.181 	0.486 
009327 	0.347 	0.165 	0.180 	0.477 
009328 	0.347 	0.166 	0.183 	0.475 
009329 	0.347 	0.167 	0.181 	0.476 
009330 	0.348 	0.165 	0.180 	0.482 
009331 	0.348 	0.165 	0.180 	0.486 
009332 	0.349 	0.164 	0.181 	0.486 
009333 	0.349 	0.165 	0.184 	0.483 
009334 	0.349 	0.164 	0.181 	0.480 
009335 	0.349 	0.167 	0.186 	0.481 
009336 	0.350 	0.168 	0.185 	0.477 
009337 	0.350 	0.170 	0.181 	0.477 
009338 	0.351 	0.169 	0.182 	0.479 
009339 	0.351 	0.166 	0.180 	0.486 
009340 	0.351 	0.166 	0.180 	0.486 
009341 	0.350 	0.166 	0.182 	0.481 
009342 	0.350 	0.167 	0.179 	0.469 
009343 	0.350 	0.163 	0.182 	0.475 
009344 	0.349 	0.161 	0.180 	0.476 
009345 	0.350 	0.160 	0.179 	0.474 
009346 	0.351 	0.162 	0.179 	0.473 
009347 	0.351 	0.160 	0.177 	0.475 
009348 	0.351 	0.159 	0.176 	0.484 
009349 	0.352 	0.158 	0.178 	0.490 
009350 	0.352 	0.158 	0.177 	0.495 
009351 	0.352 	0.162 	0.179 	0.488 
009352 	0.352 	0.163 	0.179 	0.481 
009353 	0.351 	0.167 	0.179 	0.475 
009354 	0.352 	0.166 	0.181 	0.475 
009355 	0.352 	0.166 	0.181 	0.480 
009356 	0.352 	0.165 	0.179 	0.483 
009357 	0.352 	0.166 	0.180 	0.481 
009358 	0.353 	0.165 	0.180 	0.482 
009359 	0.354 	0.166 	0.180 	0.484 
009360 	0.354 	0.169 	0.181 	0.480 
009361 	0.353 	0.168 	0.182 	0.483 
009362 	0.354 	0.168 	0.183 	0.483 
009363 	0.353 	0.168 	0.182 	0.485 
009364 	0.354 	0.168 	0.183 	0.484 
009365 	0.354 	0.168 	0.183 	0.484 
009366 	0.355 	0.168 	0.183 	0.487 
009367 	0.355 	0.168 	0.182 	0.491 
009368 	0.355 	0.168 	0.183 	0.494 
009369 	0.354 	0.168 	0.180 	0.494 
009370 	0.354 	0.167 	0.179 	0.497 
009371 	0.355 	0.163 	0.178 	0.498 
009372 	0.355 	0.162 	0.177 	0.496 
009373 	0.354 	0.159 	0.181 	0.500 
009374 	0.354 	0.154 	0.176 	0.501 
009375 	0.355 	0.153 	0.180 	0.502 
009376 	0.356 	0.150 	0.178 	0.501 
009377 	0.358 	0.146 	0.179 	0.504 
009378 	0.360 	0.144 	0.182 	0.505 
009379 	0.360 	0.148 	0.181 	0.499 
009380 	0.362 	0.153 	0.182 	0.492 
009381 	0.364 	0.161 	0.180 	0.478 
009382 	0.364 	0.161 	0.179 	0.475 
009383 	0.363 	0.161 	0.177 	0.477 
009384 	0.364 	0.159 	0.176 	0.479 
009385 	0.364 	0.157 	0.177 	0.487 
009386 	0.363 	0.156 	0.176 	0.489 
009387 	0.362 	0.156 	0.175 	0.490 
009388 	0.362 	0.155 	0.176 	0.495 
009389 	0.361 	0.152 	0.175 	0.497 
009390 	0.361 	0.152 	0.175 	0.497 
009391 	0.361 	0.153 	0.178 	0.497 
009392 	0.363 	0.156 	0.179 	0.487 
009393 	0.362 	0.159 	0.177 	0.478 
009394 	0.363 	0.164 	0.175 	0.473 
009395 	0.363 	0.163 	0.172 	0.481 
009396 	0.362 	0.166 	0.175 	0.478 
009397 	0.363 	0.169 	0.174 	0.476 
009398 	0.363 	0.167 	0.177 	0.479 
009399 	0.364 	0.169 	0.177 	0.477 
009400 	0.366 	0.169 	0.178 	0.471 
009401 	0.367 	0.167 	0.181 	0.476 
009402 	0.368 	0.168 	0.178 	0.473 
009403 	0.370 	0.167 	0.179 	0.481 
009404 	0.371 	0.169 	0.180 	0.485 
009405 	0.373 	0.169 	0.178 	0.492 
009406 	0.373 	0.170 	0.179 	0.483 
009407 	0.371 	0.172 	0.179 	0.476 
009408 	0.370 	0.172 	0.180 	0.473 
009409 	0.368 	0.172 	0.178 	0.468 
009410 	0.367 	0.172 	0.179 	0.472 
009411 	0.366 	0.170 	0.177 	0.475 
009412 	0.365 	0.170 	0.176 	0.479 
009413 	0.365 	0.169 	0.176 	0.494 
009414 	0.364 	0.168 	0.179 	0.495 
009415 	0.364 	0.168 	0.179 	0.495 
009416 	0.364 	0.168 	0.180 	0.490 
009417 	0.365 	0.167 	0.184 	0.488 
009418 	0.364 	0.169 	0.179 	0.482 
009419 	0.364 	0.170 	0.178 	0.481 
009420 	0.365 	0.172 	0.180 	0.479 
009421 	0.365 	0.176 	0.180 	0.473 
009422 	0.366 	0.180 	0.180 	0.470 
009423 	0.368 	0.176 	0.178 	0.482 
009424 	0.371 	0.177 	0.174 	0.483 
009425 	0.373 	0.176 	0.172 	0.484 
009426 	0.375 	0.177 	0.175 	0.488 
009427 	0.376 	0.177 	0.177 	0.488 
009428 	0.376 	0.178 	0.177 	0.490 
009429 	0.377 	0.177 	0.179 	0.489 
009430 	0.377 	0.178 	0.179 	0.488 
009431 	0.379 	0.178 	0.184 	0.482 
009432 	0.379 	0.179 	0.179 	0.482 
009433 	0.379 	0.181 	0.180 	0.482 
009434 	0.380 	0.180 	0.182 	0.480 
009435 	0.379 	0.178 	0.180 	0.480 
009436 	0.379 	0.177 	0.182 	0.483 
009437 	0.379 	0.178 	0.180 	0.480 
009438 	0.377 	0.176 	0.178 	0.482 
009439 	0.377 	0.177 	0.178 	0.479 
009440 	0.377 	0.177 	0.178 	0.479 
009441 	0.376 	0.178 	0.180 	0.480 
009442 	0.375 	0.177 	0.180 	0.481 
009443 	0.376 	0.179 	0.180 	0.481 
009444 	0.375 	0.177 	0.178 	0.484 
009445 	0.374 	0.178 	0.177 	0.482 
009446 	0.374 	0.178 	0.180 	0.480 
009447 	0.374 	0.178 	0.180 	0.479 
009448 	0.374 	0.178 	0.181 	0.480 
009449 	0.373 	0.177 	0.180 	0.483 
009450 	0.373 	0.177 	0.179 	0.487 
009451 	0.373 	0.177 	0.179 	0.485 
009452 	0.373 	0.177 	0.182 	0.484 
009453 	0.375 	0.179 	0.180 	0.474 
009454 	0.376 	0.172 	0.179 	0.478 
009455 	0.378 	0.174 	0.181 	0.469 
009456 	0.379 	0.174 	0.181 	0.465 
009457 	0.385 	0.172 	0.181 	0.472 
009458 	0.386 	0.184 	0.182 	0.464 
009459 	0.389 	0.176 	0.179 	0.464 
009460 	0.391 	0.175 	0.181 	0.462 
009461 	0.392 	0.171 	0.181 	0.464 
009462 	0.392 	0.169 	0.181 	0.454 
009463 	0.393 	0.168 	0.181 	0.457 
009464 	0.395 	0.165 	0.180 	0.465 
009465 	0.395 	0.165 	0.180 	0.465 
009466 	0.395 	0.163 	0.181 	0.467 
009467 	0.395 	0.162 	0.181 	0.463 
009468 	0.392 	0.167 	0.183 	0.451 
009469 	0.393 	0.167 	0.184 	0.447 
009470 	0.391 	0.168 	0.182 	0.447 
009471 	0.391 	0.170 	0.182 	0.446 
009472 	0.390 	0.170 	0.183 	0.447 
009473 	0.389 	0.170 	0.182 	0.447 
009474 	0.389 	0.169 	0.181 	0.448 
009475 	0.390 	0.169 	0.181 	0.451 
009476 	0.390 	0.167 	0.181 	0.455 
009477 	0.391 	0.166 	0.180 	0.459 
009478 	0.391 	0.167 	0.179 	0.461 
009479 	0.390 	0.164 	0.178 	0.469 
009480 	0.385 	0.164 	0.179 	0.479 
009481 	0.379 	0.166 	0.179 	0.477 
009482 	0.377 	0.162 	0.177 	0.481 
009483 	0.375 	0.161 	0.177 	0.492 
009484 	0.372 	0.162 	0.179 	0.489 
009485 	0.368 	0.162 	0.177 	0.475 
009486 	0.366 	0.160 	0.177 	0.478 
009487 	0.365 	0.158 	0.176 	0.482 
009488 	0.364 	0.161 	0.175 	0.482 
009489 	0.364 	0.164 	0.176 	0.481 
009490 	0.364 	0.164 	0.176 	0.481 
009491 	0.364 	0.163 	0.177 	0.481 
009492 	0.364 	0.162 	0.175 	0.480 
009493 	0.366 	0.161 	0.173 	0.480 
009494 	0.366 	0.158 	0.174 	0.485 
009495 	0.367 	0.158 	0.175 	0.486 
009496 	0.367 	0.156 	0.175 	0.491 
009497 	0.367 	0.156 	0.178 	0.489 
009498 	0.368 	0.154 	0.179 	0.489 
009499 	0.369 	0.154 	0.179 	0.489 
009500 	0.370 	0.155 	0.177 	0.487 
009501 	0.371 	0.154 	0.177 	0.486 
009502 	0.371 	0.153 	0.178 	0.486 
009503 	0.372 	0.153 	0.178 	0.487 
009504 	0.372 	0.153 	0.178 	0.485 
009505 	0.373 	0.154 	0.177 	0.485 
009506 	0.374 	0.155 	0.177 	0.484 
009507 	0.376 	0.157 	0.180 	0.480 
009508 	0.377 	0.159 	0.176 	0.477 
009509 	0.377 	0.159 	0.177 	0.476 
009510 	0.375 	0.159 	0.176 	0.480 
009511 	0.375 	0.160 	0.177 	0.482 
009512 	0.374 	0.159 	0.177 	0.483 
009513 	0.375 	0.157 	0.177 	0.491 
009514 	0.375 	0.158 	0.176 	0.491 
009515 	0.375 	0.158 	0.176 	0.491 
009516 	0.374 	0.154 	0.174 	0.498 
009517 	0.374 	0.151 	0.173 	0.509 
009518 	0.372 	0.149 	0.173 	0.506 
009519 	0.369 	0.146 	0.169 	0.505 
009520 	0.368 	0.143 	0.169 	0.501 
009521 	0.366 	0.142 	0.173 	0.498 
009522 	0.364 	0.145 	0.177 	0.490 
009523 	0.365 	0.141 	0.172 	0.491 
009524 	0.367 	0.141 	0.176 	0.487 
009525 	0.368 	0.138 	0.175 	0.478 
009526 	0.369 	0.133 	0.177 	0.475 
009527 	0.371 	0.132 	0.173 	0.471 
009528 	0.375 	0.136 	0.177 	0.474 
009529 	0.378 	0.135 	0.178 	0.484 
009530 	0.379 	0.142 	0.179 	0.475 
009531 	0.377 	0.143 	0.178 	0.476 
009532 	0.376 	0.146 	0.176 	0.475 
009533 	0.376 	0.146 	0.176 	0.476 
009534 	0.375 	0.145 	0.174 	0.488 
009535 	0.374 	0.148 	0.175 	0.487 
009536 	0.374 	0.151 	0.175 	0.483 
009537 	0.374 	0.153 	0.176 	0.478 
009538 	0.373 	0.152 	0.179 	0.480 
009539 	0.372 	0.149 	0.178 	0.485 
009540 	0.372 	0.149 	0.178 	0.485 
009541 	0.371 	0.152 	0.180 	0.480 
009542 	0.371 	0.153 	0.179 	0.481 
009543 	0.371 	0.154 	0.178 	0.480 
009544 	0.371 	0.155 	0.179 	0.479 
009545 	0.371 	0.154 	0.179 	0.479 
009546 	0.371 	0.155 	0.177 	0.478 
009547 	0.372 	0.152 	0.176 	0.480 
009548 	0.370 	0.149 	0.177 	0.487 
009549 	0.369 	0.150 	0.179 	0.474 
009550 	0.364 	0.150 	0.178 	0.474 
009551 	0.364 	0.148 	0.178 	0.481 
009552 	0.365 	0.150 	0.172 	0.482 
009553 	0.363 	0.152 	0.172 	0.489 
009554 	0.363 	0.155 	0.171 	0.495 
009555 	0.363 	0.156 	0.171 	0.494 
009556 	0.362 	0.156 	0.174 	0.495 
009557 	0.361 	0.156 	0.175 	0.492 
009558 	0.361 	0.156 	0.181 	0.486 
009559 	0.358 	0.154 	0.183 	0.486 
009560 	0.356 	0.152 	0.184 	0.487 
009561 	0.356 	0.151 	0.185 	0.485 
009562 	0.355 	0.149 	0.183 	0.490 
009563 	0.354 	0.153 	0.181 	0.484 
009564 	0.354 	0.157 	0.182 	0.484 
009565 	0.354 	0.157 	0.182 	0.484 
009566 	0.355 	0.160 	0.178 	0.481 
009567 	0.356 	0.159 	0.178 	0.486 
009568 	0.356 	0.158 	0.179 	0.487 
009569 	0.356 	0.155 	0.177 	0.489 
009570 	0.358 	0.154 	0.181 	0.493 
009571 	0.358 	0.154 	0.181 	0.489 
009572 	0.359 	0.158 	0.182 	0.477 
009573 	0.361 	0.153 	0.184 	0.479 
009574 	0.363 	0.150 	0.184 	0.479 
009575 	0.365 	0.150 	0.183 	0.475 
009576 	0.367 	0.151 	0.183 	0.472 
009577 	0.368 	0.153 	0.183 	0.470 
009578 	0.367 	0.155 	0.182 	0.465 
009579 	0.368 	0.157 	0.182 	0.460 
009580 	0.369 	0.158 	0.182 	0.459 
009581 	0.368 	0.158 	0.183 	0.460 
009582 	0.367 	0.157 	0.183 	0.465 
009583 	0.366 	0.154 	0.182 	0.468 
009584 	0.365 	0.153 	0.182 	0.472 
009585 	0.362 	0.154 	0.181 	0.466 
009586 	0.359 	0.151 	0.183 	0.475 
009587 	0.353 	0.152 	0.182 	0.480 
009588 	0.348 	0.152 	0.183 	0.483 
009589 	0.347 	0.150 	0.182 	0.487 
009590 	0.347 	0.150 	0.182 	0.487 
009591 	0.347 	0.150 	0.180 	0.482 
009592 	0.346 	0.151 	0.180 	0.484 
009593 	0.345 	0.151 	0.180 	0.479 
009594 	0.345 	0.148 	0.181 	0.485 
009595 	0.343 	0.149 	0.177 	0.487 
009596 	0.343 	0.145 	0.176 	0.481 
009597 	0.342 	0.144 	0.178 	0.487 
009598 	0.342 	0.141 	0.176 	0.487 
009599 	0.341 	0.141 	0.183 	0.485 
009600 	0.340 	0.142 	0.182 	0.493 
009601 	0.339 	0.143 	0.186 	0.497 
009602 	0.338 	0.144 	0.190 	0.489 
009603 	0.339 	0.146 	0.190 	0.485 
009604 	0.339 	0.145 	0.189 	0.482 
009605 	0.339 	0.148 	0.188 	0.479 
009606 	0.340 	0.148 	0.189 	0.480 
009607 	0.339 	0.151 	0.190 	0.482 
009608 	0.340 	0.151 	0.188 	0.486 
009609 	0.340 	0.150 	0.187 	0.486 
009610 	0.341 	0.149 	0.186 	0.491 
009611 	0.341 	0.147 	0.184 	0.499 
009612 	0.341 	0.145 	0.186 	0.500 
009613 	0.342 	0.147 	0.184 	0.500 
009614 	0.342 	0.146 	0.185 	0.497 
009615 	0.342 	0.146 	0.185 	0.497 
009616 	0.342 	0.149 	0.186 	0.497 
009617 	0.343 	0.146 	0.184 	0.499 
009618 	0.343 	0.146 	0.183 	0.501 
009619 	0.343 	0.145 	0.184 	0.502 
009620 	0.342 	0.145 	0.182 	0.500 
009621 	0.342 	0.144 	0.182 	0.501 
009622 	0.342 	0.142 	0.180 	0.504 
009623 	0.342 	0.143 	0.180 	0.502 
009624 	0.342 	0.143 	0.182 	0.501 
009625 	0.342 	0.144 	0.181 	0.503 
009626 	0.342 	0.143 	0.180 	0.505 
009627 	0.342 	0.145 	0.183 	0.505 
009628 	0.341 	0.145 	0.181 	0.505 
009629 	0.341 	0.145 	0.181 	0.506 
009630 	0.341 	0.146 	0.182 	0.505 
009631 	0.340 	0.145 	0.181 	0.502 
009632 	0.341 	0.142 	0.182 	0.505 
009633 	0.341 	0.143 	0.181 	0.502 
009634 	0.340 	0.144 	0.182 	0.499 
009635 	0.340 	0.143 	0.184 	0.501 
009636 	0.340 	0.143 	0.181 	0.498 
009637 	0.340 	0.144 	0.182 	0.493 
009638 	0.339 	0.145 	0.185 	0.488 
009639 	0.340 	0.143 	0.185 	0.493 
009640 	0.340 	0.143 	0.185 	0.493 
009641 	0.338 	0.142 	0.184 	0.497 
009642 	0.337 	0.143 	0.185 	0.498 
009643 	0.336 	0.141 	0.177 	0.483 
009644 	0.335 	0.144 	0.179 	0.476 
009645 	0.334 	0.150 	0.177 	0.469 
009646 	0.333 	0.152 	0.180 	0.469 
009647 	0.332 	0.151 	0.179 	0.472 
009648 	0.332 	0.151 	0.178 	0.473 
009649 	0.333 	0.151 	0.176 	0.471 
009650 	0.333 	0.152 	0.177 	0.473 
009651 	0.333 	0.155 	0.176 	0.470 
009652 	0.325 	0.160 	0.165 	0.472 
009653 	0.338 	0.157 	0.187 	0.490 
009654 	0.338 	0.153 	0.187 	0.502 
009655 	0.339 	0.155 	0.190 	0.498 
009656 	0.339 	0.150 	0.188 	0.504 
009657 	0.340 	0.150 	0.190 	0.494 
009658 	0.341 	0.146 	0.189 	0.498 
009659 	0.342 	0.146 	0.192 	0.501 
009660 	0.342 	0.149 	0.194 	0.497 
009661 	0.343 	0.148 	0.189 	0.495 
009662 	0.344 	0.151 	0.189 	0.492 
009663 	0.345 	0.151 	0.188 	0.492 
009664 	0.343 	0.151 	0.189 	0.498 
009665 	0.343 	0.151 	0.189 	0.498 
009666 	0.344 	0.151 	0.191 	0.497 
009667 	0.345 	0.152 	0.189 	0.484 
009668 	0.345 	0.154 	0.188 	0.473 
009669 	0.345 	0.153 	0.187 	0.468 
009670 	0.347 	0.151 	0.186 	0.472 
009671 	0.348 	0.151 	0.184 	0.471 
009672 	0.348 	0.149 	0.183 	0.474 
009673 	0.347 	0.149 	0.183 	0.473 
009674 	0.347 	0.149 	0.183 	0.477 
009675 	0.348 	0.147 	0.182 	0.477 
009676 	0.348 	0.148 	0.183 	0.476 
009677 	0.347 	0.148 	0.183 	0.475 
009678 	0.347 	0.149 	0.183 	0.475 
009679 	0.347 	0.148 	0.186 	0.476 
009680 	0.346 	0.148 	0.182 	0.476 
009681 	0.345 	0.146 	0.183 	0.479 
009682 	0.346 	0.145 	0.182 	0.480 
009683 	0.346 	0.146 	0.183 	0.480 
009684 	0.346 	0.147 	0.185 	0.481 
009685 	0.345 	0.148 	0.186 	0.476 
009686 	0.345 	0.149 	0.185 	0.474 
009687 	0.345 	0.148 	0.187 	0.474 
009688 	0.344 	0.150 	0.187 	0.475 
009689 	0.344 	0.155 	0.188 	0.466 
009690 	0.344 	0.155 	0.188 	0.466 
009691 	0.343 	0.153 	0.190 	0.471 
009692 	0.343 	0.154 	0.189 	0.469 
009693 	0.343 	0.153 	0.187 	0.471 
009694 	0.343 	0.152 	0.188 	0.473 
009695 	0.343 	0.151 	0.186 	0.472 
009696 	0.343 	0.151 	0.188 	0.473 
009697 	0.343 	0.151 	0.187 	0.473 
009698 	0.342 	0.153 	0.186 	0.472 
009699 	0.343 	0.155 	0.185 	0.468 
009700 	0.342 	0.156 	0.185 	0.465 
009701 	0.342 	0.155 	0.187 	0.466 
009702 	0.342 	0.154 	0.186 	0.469 
009703 	0.342 	0.152 	0.185 	0.472 
009704 	0.342 	0.152 	0.187 	0.470 
009705 	0.342 	0.153 	0.186 	0.472 
009706 	0.342 	0.156 	0.187 	0.471 
009707 	0.343 	0.157 	0.186 	0.469 
009708 	0.342 	0.156 	0.184 	0.472 
009709 	0.342 	0.154 	0.183 	0.475 
009710 	0.342 	0.152 	0.183 	0.477 
009711 	0.341 	0.151 	0.183 	0.480 
009712 	0.342 	0.148 	0.181 	0.484 
009713 	0.342 	0.147 	0.179 	0.488 
009714 	0.343 	0.147 	0.178 	0.489 
009715 	0.343 	0.147 	0.178 	0.489 
009716 	0.345 	0.144 	0.175 	0.491 
009717 	0.346 	0.143 	0.176 	0.493 
009718 	0.347 	0.142 	0.179 	0.486 
009719 	0.347 	0.143 	0.174 	0.480 
009720 	0.347 	0.142 	0.173 	0.479 
009721 	0.348 	0.142 	0.175 	0.486 
009722 	0.348 	0.141 	0.171 	0.493 
009723 	0.350 	0.142 	0.172 	0.488 
009724 	0.350 	0.138 	0.173 	0.498 
009725 	0.351 	0.141 	0.177 	0.496 
009726 	0.351 	0.141 	0.180 	0.487 
009727 	0.351 	0.140 	0.181 	0.486 
009728 	0.351 	0.143 	0.180 	0.478 
009729 	0.352 	0.140 	0.182 	0.480 
009730 	0.352 	0.144 	0.181 	0.478 
009731 	0.355 	0.143 	0.180 	0.480 
009732 	0.354 	0.140 	0.181 	0.484 
009733 	0.354 	0.139 	0.181 	0.485 
009734 	0.355 	0.139 	0.180 	0.484 
009735 	0.355 	0.139 	0.178 	0.487 
009736 	0.355 	0.139 	0.178 	0.497 
009737 	0.355 	0.141 	0.177 	0.497 
009738 	0.355 	0.145 	0.179 	0.482 
009739 	0.354 	0.147 	0.179 	0.478 
009740 	0.354 	0.147 	0.179 	0.478 
009741 	0.352 	0.147 	0.177 	0.480 
009742 	0.352 	0.145 	0.177 	0.490 
009743 	0.351 	0.145 	0.178 	0.488 
009744 	0.350 	0.145 	0.177 	0.486 
009745 	0.350 	0.147 	0.175 	0.484 
009746 	0.347 	0.145 	0.176 	0.483 
009747 	0.346 	0.141 	0.177 	0.487 
009748 	0.346 	0.139 	0.177 	0.489 
009749 	0.345 	0.139 	0.175 	0.486 
009750 	0.346 	0.142 	0.176 	0.482 
009751 	0.346 	0.140 	0.178 	0.484 
009752 	0.346 	0.140 	0.178 	0.486 
009753 	0.345 	0.141 	0.179 	0.482 
009754 	0.345 	0.141 	0.178 	0.479 
009755 	0.345 	0.142 	0.178 	0.479 
009756 	0.345 	0.141 	0.177 	0.482 
009757 	0.346 	0.141 	0.178 	0.484 
009758 	0.345 	0.142 	0.176 	0.486 
009759 	0.346 	0.141 	0.175 	0.484 
009760 	0.345 	0.141 	0.177 	0.484 
009761 	0.346 	0.142 	0.176 	0.484 
009762 	0.346 	0.142 	0.174 	0.487 
009763 	0.347 	0.143 	0.175 	0.488 
009764 	0.346 	0.145 	0.177 	0.487 
009765 	0.346 	0.145 	0.177 	0.487 
009766 	0.346 	0.143 	0.176 	0.489 
009767 	0.346 	0.142 	0.177 	0.488 
009768 	0.346 	0.143 	0.177 	0.485 
009769 	0.347 	0.143 	0.177 	0.486 
009770 	0.347 	0.143 	0.177 	0.483 
009771 	0.347 	0.143 	0.177 	0.483 
009772 	0.347 	0.146 	0.176 	0.477 
009773 	0.347 	0.143 	0.175 	0.485 
009774 	0.348 	0.142 	0.177 	0.491 
009775 	0.347 	0.141 	0.175 	0.493 
009776 	0.347 	0.140 	0.177 	0.495 
009777 	0.346 	0.141 	0.178 	0.491 
009778 	0.346 	0.141 	0.179 	0.494 
009779 	0.346 	0.144 	0.177 	0.485 
009780 	0.345 	0.147 	0.176 	0.482 
009781 	0.345 	0.147 	0.178 	0.483 
009782 	0.345 	0.149 	0.178 	0.481 
009783 	0.345 	0.152 	0.176 	0.479 
009784 	0.345 	0.152 	0.175 	0.481 
009785 	0.345 	0.151 	0.174 	0.486 
009786 	0.347 	0.149 	0.173 	0.491 
009787 	0.348 	0.143 	0.173 	0.504 
009788 	0.350 	0.143 	0.178 	0.503 
009789 	0.351 	0.141 	0.179 	0.501 
009790 	0.351 	0.141 	0.179 	0.501 
009791 	0.351 	0.146 	0.179 	0.486 
009792 	0.352 	0.146 	0.176 	0.481 
009793 	0.353 	0.144 	0.176 	0.484 
009794 	0.352 	0.145 	0.177 	0.482 
009795 	0.352 	0.145 	0.177 	0.481 
009796 	0.352 	0.146 	0.177 	0.480 
009797 	0.353 	0.148 	0.173 	0.479 
009798 	0.353 	0.150 	0.176 	0.480 
009799 	0.351 	0.149 	0.178 	0.483 
009800 	0.351 	0.148 	0.179 	0.487 
009801 	0.349 	0.146 	0.177 	0.488 
009802 	0.347 	0.148 	0.175 	0.483 
009803 	0.346 	0.148 	0.177 	0.482 
009804 	0.344 	0.148 	0.180 	0.486 
009805 	0.343 	0.147 	0.179 	0.485 
009806 	0.343 	0.145 	0.178 	0.486 
009807 	0.344 	0.146 	0.180 	0.483 
009808 	0.344 	0.143 	0.180 	0.483 
009809 	0.344 	0.148 	0.178 	0.482 
009810 	0.344 	0.148 	0.179 	0.485 
009811 	0.344 	0.151 	0.178 	0.488 
009812 	0.345 	0.153 	0.179 	0.489 
009813 	0.345 	0.153 	0.179 	0.485 
009814 	0.344 	0.150 	0.179 	0.484 
009815 	0.344 	0.150 	0.179 	0.484 
009816 	0.344 	0.149 	0.177 	0.478 
009817 	0.344 	0.148 	0.178 	0.482 
009818 	0.345 	0.143 	0.177 	0.496 
009819 	0.345 	0.141 	0.178 	0.501 
009820 	0.344 	0.146 	0.181 	0.490 
009821 	0.345 	0.146 	0.179 	0.487 
009822 	0.345 	0.148 	0.177 	0.484 
009823 	0.345 	0.149 	0.181 	0.485 
009824 	0.345 	0.149 	0.179 	0.483 
009825 	0.345 	0.148 	0.179 	0.486 
009826 	0.346 	0.147 	0.181 	0.486 
009827 	0.346 	0.150 	0.183 	0.481 
009828 	0.346 	0.150 	0.184 	0.486 
009829 	0.344 	0.152 	0.187 	0.481 
009830 	0.344 	0.155 	0.186 	0.487 
009831 	0.344 	0.158 	0.188 	0.488 
009832 	0.345 	0.156 	0.187 	0.492 
009833 	0.344 	0.155 	0.190 	0.492 
009834 	0.344 	0.155 	0.187 	0.498 
009835 	0.344 	0.156 	0.190 	0.492 
009836 	0.342 	0.156 	0.192 	0.485 
009837 	0.344 	0.158 	0.191 	0.484 
009838 	0.344 	0.159 	0.191 	0.483 
009839 	0.344 	0.160 	0.193 	0.482 
009840 	0.344 	0.160 	0.193 	0.482 
009841 	0.345 	0.159 	0.190 	0.482 
009842 	0.343 	0.159 	0.191 	0.480 
009843 	0.343 	0.159 	0.191 	0.480 
009844 	0.342 	0.158 	0.195 	0.481 
009845 	0.343 	0.159 	0.193 	0.480 

WORD START END ASDSCORE
OF 0.06 0.16 9.6
US 0.16 0.41 8.5
WHEN 0.41 0.53 4.6
WE 0.53 0.64 3.5
SEE 0.64 0.85 2.9
SOMEONE 0.85 1.18 6.1
IN 1.18 1.31 7.3
UNIFORM 1.31 2.05 5.3
GOING 2.17 2.44 5.4
THROUGH 2.44 2.65 4.2
OUR 2.65 2.79 3.4
NEIGHBORHOODS 2.79 3.54 3.4
FEEL 4.05 4.55 4.5
CURIOSITY 4.65 5.65 6.8
IF 6.17 6.40 1.8
NOT 6.40 6.64 2.2
CONCERN 6.69 7.36 3.8
SO 8.40 8.54 8.4
IF 8.54 8.65 9.7
YOU'RE 8.65 8.92 8.3
AN 8.92 9.14 5.4
UNDOCUMENTED 9.14 10.03 10.3
PARENT 10.03 10.60 7.8
EVERY 11.30 11.62 8.4
DAY 11.62 11.90 9.2
WHEN 11.90 12.09 9.5
YOU 12.09 12.22 9.5
SAY 12.22 12.45 8.1
GOODBYE 12.45 12.83 7.6
TO 12.83 12.89 10.0
YOUR 12.89 13.07 8.3
CHILD 13.07 13.55 8.3
SEND 14.33 14.61 4.0
THEM 14.61 14.76 5.7
OFF 14.76 14.93 6.3
TO 14.93 15.03 6.9
SCHOOL 15.03 15.49 5.5
AND 15.49 15.64 5.9
GO 15.64 15.81 6.4
TO 15.81 15.87 7.1
WORK 15.87 16.32 5.7
YOU 17.08 17.27 3.6
DON'T 17.27 17.49 4.5
KNOW 17.49 17.91 3.9
WHAT 18.01 18.19 4.0
THE 18.19 18.26 3.5
CHANCES 18.26 18.77 7.2
ARE 18.77 19.04 7.3
THAT 19.04 19.23 6.7
YOU'RE 19.23 19.37 6.5
GOING 19.37 19.49 6.9
TO 19.49 19.55 7.2
SEE 19.55 19.80 7.4
THEM 19.80 19.99 7.2
AT 19.99 20.09 7.1
THE 20.09 20.19 7.8
END 20.19 20.34 8.6
OF 20.34 20.43 8.5
THE 20.43 20.50 5.8
DAY 20.50 20.81 2.3
BECAUSE 21.70 22.05 7.5
A 22.05 22.18 9.9
RAID 22.18 22.58 8.8
AT 22.58 22.93 5.5
YOUR 22.93 23.07 7.1
WORKPLACE 23.07 23.90 5.5
A 24.84 24.93 5.7
CHANCE 24.93 25.40 8.5
ENCOUNTER 25.40 26.00 6.5
WITH 26.00 26.20 6.7
LOCAL 26.20 26.47 4.1
POLICE 26.47 27.03 3.5
COULD 27.37 27.54 6.1
CHANGE 27.54 27.95 5.5
THE 27.95 28.04 8.3
COURSE 28.04 28.48 8.6
OF 28.48 28.60 7.5
YOUR 28.60 28.83 2.4
LIFE 28.83 29.20 5.2
FOREVER 29.33 29.90 7.5
