Text:  MOST UNTAPPED RESOURCE IN AMERICAN DEMOCRACY IS THE VANTAGE POINT THAT IMMIGRANTS BRING WE HAVE FOUGHT TO BE HERE WE HAVE COME FOR ECONOMIC AND EDUCATIONAL OPPORTUNITY WE HAVE COME FOR POLITICAL AND RELIGIOUS FREEDOM WE HAVE COME IN THE PURSUIT OF LOVE THAT DEDICATION THAT COMMITMENT TO AMERICA WE ALSO BRING TO PUBLIC SERVICE PEOPLE LIKE ATHENA SALMAN WHO JUST LAST WEEK WON THE PRIMARY FOR A SEAT IN THE ARIZONA STATE HOUSE ATHENA'S FATHER GREW UP IN THE WEST BANK AND MOVED TO CHICAGO WHERE HE MET HER MOTHER HER MOTHER IS PART ITALIAN PART MEXICAN AND PART GERMAN TOGETHER THEY MOVED TO ARIZONA AND BUILT A LIFE ATHENA WHEN SHE GETS TO THE STATEHOUSE IS GOING TO FIGHT FOR THINGS LIKE EDUCATION FUNDING THAT 
Conf:  4
Ref:   0d6iSvF1UmA

FRAME 	X 	Y 	W 	H 
015433 	0.637 	0.141 	0.156 	0.392 
015434 	0.641 	0.137 	0.155 	0.391 
015435 	0.641 	0.134 	0.154 	0.394 
015436 	0.644 	0.129 	0.150 	0.416 
015437 	0.647 	0.126 	0.150 	0.424 
015438 	0.650 	0.128 	0.150 	0.413 
015439 	0.650 	0.132 	0.153 	0.403 
015440 	0.650 	0.132 	0.153 	0.403 
015441 	0.652 	0.134 	0.151 	0.405 
015442 	0.654 	0.137 	0.151 	0.400 
015443 	0.656 	0.135 	0.152 	0.402 
015444 	0.659 	0.134 	0.155 	0.408 
015445 	0.660 	0.131 	0.156 	0.420 
015446 	0.663 	0.128 	0.155 	0.421 
015447 	0.664 	0.130 	0.154 	0.416 
015448 	0.666 	0.131 	0.153 	0.413 
015449 	0.669 	0.138 	0.155 	0.400 
015450 	0.668 	0.140 	0.162 	0.400 
015451 	0.670 	0.144 	0.161 	0.395 
015452 	0.673 	0.141 	0.161 	0.412 
015453 	0.677 	0.142 	0.162 	0.410 
015454 	0.682 	0.143 	0.161 	0.412 
015455 	0.685 	0.142 	0.157 	0.406 
015456 	0.687 	0.143 	0.155 	0.406 
015457 	0.691 	0.143 	0.156 	0.404 
015458 	0.695 	0.143 	0.155 	0.408 
015459 	0.697 	0.145 	0.158 	0.408 
015460 	0.698 	0.146 	0.158 	0.413 
015461 	0.700 	0.148 	0.156 	0.414 
015462 	0.702 	0.150 	0.157 	0.408 
015463 	0.703 	0.151 	0.156 	0.405 
015464 	0.705 	0.152 	0.155 	0.399 
015465 	0.705 	0.152 	0.155 	0.399 
015466 	0.706 	0.153 	0.156 	0.398 
015467 	0.707 	0.152 	0.153 	0.402 
015468 	0.707 	0.153 	0.152 	0.400 
015469 	0.708 	0.152 	0.152 	0.402 
015470 	0.708 	0.152 	0.154 	0.404 
015471 	0.709 	0.151 	0.152 	0.404 
015472 	0.708 	0.151 	0.152 	0.401 
015473 	0.710 	0.150 	0.150 	0.411 
015474 	0.711 	0.153 	0.146 	0.414 
015475 	0.711 	0.155 	0.148 	0.417 
015476 	0.711 	0.155 	0.148 	0.412 
015477 	0.710 	0.157 	0.146 	0.404 
015478 	0.709 	0.156 	0.148 	0.404 
015479 	0.708 	0.156 	0.148 	0.403 
015480 	0.706 	0.157 	0.152 	0.401 
015481 	0.706 	0.162 	0.151 	0.397 
015482 	0.707 	0.163 	0.152 	0.395 
015483 	0.706 	0.166 	0.152 	0.397 
015484 	0.706 	0.164 	0.147 	0.407 
015485 	0.706 	0.163 	0.144 	0.412 
015486 	0.704 	0.164 	0.147 	0.401 
015487 	0.703 	0.165 	0.148 	0.395 
015488 	0.702 	0.165 	0.151 	0.394 
015489 	0.700 	0.164 	0.151 	0.393 
015490 	0.700 	0.164 	0.151 	0.393 
015491 	0.699 	0.162 	0.150 	0.396 
015492 	0.697 	0.160 	0.147 	0.398 
015493 	0.697 	0.159 	0.148 	0.401 
015494 	0.695 	0.159 	0.149 	0.398 
015495 	0.693 	0.158 	0.150 	0.400 
015496 	0.693 	0.159 	0.153 	0.401 
015497 	0.690 	0.159 	0.154 	0.400 
015498 	0.690 	0.159 	0.154 	0.401 
015499 	0.687 	0.158 	0.154 	0.403 
015500 	0.686 	0.157 	0.152 	0.402 
015501 	0.685 	0.159 	0.152 	0.396 
015502 	0.684 	0.159 	0.150 	0.392 
015503 	0.682 	0.159 	0.153 	0.399 
015504 	0.679 	0.160 	0.155 	0.394 
015505 	0.676 	0.160 	0.159 	0.395 
015506 	0.675 	0.159 	0.162 	0.398 
015507 	0.672 	0.158 	0.163 	0.395 
015508 	0.672 	0.159 	0.161 	0.396 
015509 	0.670 	0.160 	0.164 	0.394 
015510 	0.669 	0.158 	0.166 	0.398 
015511 	0.669 	0.151 	0.152 	0.405 
015512 	0.668 	0.150 	0.150 	0.408 
015513 	0.667 	0.149 	0.148 	0.414 
015514 	0.667 	0.149 	0.148 	0.418 
015515 	0.667 	0.149 	0.148 	0.418 
015516 	0.665 	0.148 	0.148 	0.417 
015517 	0.663 	0.145 	0.146 	0.421 
015518 	0.661 	0.141 	0.147 	0.425 
015519 	0.658 	0.140 	0.152 	0.418 
015520 	0.654 	0.137 	0.151 	0.401 
015521 	0.649 	0.131 	0.157 	0.393 
015522 	0.645 	0.127 	0.153 	0.392 
015523 	0.641 	0.124 	0.154 	0.391 
015524 	0.638 	0.122 	0.157 	0.393 
015525 	0.637 	0.122 	0.156 	0.395 
015526 	0.633 	0.122 	0.156 	0.397 
015527 	0.626 	0.125 	0.166 	0.395 
015528 	0.625 	0.123 	0.169 	0.404 
015529 	0.623 	0.120 	0.167 	0.419 
015530 	0.620 	0.125 	0.167 	0.411 
015531 	0.616 	0.125 	0.167 	0.407 
015532 	0.615 	0.119 	0.151 	0.405 
015533 	0.612 	0.120 	0.155 	0.405 
015534 	0.609 	0.119 	0.148 	0.406 
015535 	0.604 	0.121 	0.148 	0.399 
015536 	0.603 	0.125 	0.149 	0.393 
015537 	0.599 	0.124 	0.150 	0.397 
015538 	0.597 	0.124 	0.152 	0.395 
015539 	0.594 	0.119 	0.148 	0.402 
015540 	0.594 	0.119 	0.148 	0.402 
015541 	0.593 	0.115 	0.147 	0.409 
015542 	0.593 	0.118 	0.147 	0.407 
015543 	0.594 	0.117 	0.146 	0.412 
015544 	0.596 	0.116 	0.149 	0.414 
015545 	0.599 	0.119 	0.156 	0.411 
015546 	0.601 	0.120 	0.156 	0.411 
015547 	0.602 	0.121 	0.155 	0.405 
015548 	0.605 	0.124 	0.154 	0.404 
015549 	0.607 	0.117 	0.153 	0.415 
015550 	0.608 	0.117 	0.154 	0.415 
015551 	0.610 	0.116 	0.153 	0.412 
015552 	0.611 	0.119 	0.153 	0.413 
015553 	0.613 	0.119 	0.152 	0.413 
015554 	0.613 	0.117 	0.145 	0.412 
015555 	0.613 	0.120 	0.148 	0.406 
015556 	0.613 	0.118 	0.146 	0.408 
015557 	0.612 	0.114 	0.148 	0.416 
015558 	0.612 	0.115 	0.143 	0.417 
015559 	0.612 	0.116 	0.140 	0.420 
015560 	0.611 	0.122 	0.147 	0.412 
015561 	0.610 	0.125 	0.149 	0.405 
015562 	0.609 	0.124 	0.153 	0.408 
015563 	0.607 	0.126 	0.152 	0.403 
015564 	0.605 	0.124 	0.152 	0.399 
015565 	0.605 	0.124 	0.152 	0.399 
015566 	0.603 	0.126 	0.150 	0.396 
015567 	0.601 	0.124 	0.149 	0.396 
015568 	0.601 	0.122 	0.148 	0.393 
015569 	0.599 	0.122 	0.147 	0.390 
015570 	0.597 	0.119 	0.149 	0.397 
015571 	0.595 	0.122 	0.152 	0.393 
015572 	0.593 	0.117 	0.153 	0.397 
015573 	0.592 	0.118 	0.155 	0.401 
015574 	0.590 	0.121 	0.154 	0.401 
015575 	0.589 	0.119 	0.153 	0.407 
015576 	0.588 	0.120 	0.156 	0.405 
015577 	0.588 	0.119 	0.154 	0.407 
015578 	0.587 	0.121 	0.155 	0.403 
015579 	0.586 	0.122 	0.157 	0.398 
015580 	0.584 	0.123 	0.157 	0.394 
015581 	0.584 	0.123 	0.157 	0.392 
015582 	0.583 	0.124 	0.156 	0.390 
015583 	0.582 	0.124 	0.155 	0.389 
015584 	0.581 	0.124 	0.156 	0.390 
015585 	0.577 	0.131 	0.161 	0.384 
015586 	0.575 	0.131 	0.164 	0.386 
015587 	0.575 	0.132 	0.165 	0.383 
015588 	0.575 	0.130 	0.164 	0.388 
015589 	0.575 	0.131 	0.165 	0.385 
015590 	0.575 	0.131 	0.165 	0.385 
015591 	0.574 	0.129 	0.168 	0.389 
015592 	0.575 	0.122 	0.166 	0.396 
015593 	0.576 	0.120 	0.166 	0.405 
015594 	0.576 	0.121 	0.159 	0.406 
015595 	0.576 	0.119 	0.158 	0.413 
015596 	0.575 	0.116 	0.163 	0.412 
015597 	0.576 	0.115 	0.159 	0.412 
015598 	0.576 	0.113 	0.159 	0.412 
015599 	0.577 	0.110 	0.156 	0.417 
015600 	0.578 	0.107 	0.154 	0.417 
015601 	0.580 	0.107 	0.152 	0.413 
015602 	0.580 	0.104 	0.151 	0.420 
015603 	0.580 	0.106 	0.152 	0.412 
015604 	0.580 	0.103 	0.153 	0.411 
015605 	0.580 	0.105 	0.154 	0.407 
015606 	0.581 	0.103 	0.155 	0.411 
015607 	0.582 	0.104 	0.152 	0.415 
015608 	0.582 	0.104 	0.149 	0.419 
015609 	0.583 	0.105 	0.150 	0.419 
015610 	0.584 	0.104 	0.148 	0.425 
015611 	0.586 	0.106 	0.150 	0.421 
015612 	0.586 	0.102 	0.151 	0.425 
015613 	0.586 	0.102 	0.152 	0.415 
015614 	0.585 	0.104 	0.151 	0.411 
015615 	0.585 	0.104 	0.151 	0.411 
015616 	0.585 	0.107 	0.152 	0.404 
015617 	0.584 	0.107 	0.152 	0.400 
015618 	0.584 	0.109 	0.152 	0.399 
015619 	0.583 	0.107 	0.152 	0.399 
015620 	0.582 	0.109 	0.152 	0.396 
015621 	0.582 	0.111 	0.155 	0.397 
015622 	0.580 	0.112 	0.154 	0.399 
015623 	0.582 	0.117 	0.152 	0.405 
015624 	0.581 	0.116 	0.154 	0.413 
015625 	0.582 	0.119 	0.152 	0.422 
015626 	0.582 	0.123 	0.152 	0.419 
015627 	0.581 	0.124 	0.155 	0.419 
015628 	0.580 	0.124 	0.155 	0.412 
015629 	0.579 	0.124 	0.156 	0.407 
015630 	0.580 	0.127 	0.157 	0.402 
015631 	0.581 	0.127 	0.156 	0.402 
015632 	0.581 	0.124 	0.156 	0.406 
015633 	0.583 	0.123 	0.158 	0.404 
015634 	0.584 	0.122 	0.157 	0.405 
015635 	0.583 	0.122 	0.156 	0.402 
015636 	0.584 	0.122 	0.156 	0.400 
015637 	0.583 	0.124 	0.156 	0.397 
015638 	0.584 	0.122 	0.154 	0.400 
015639 	0.585 	0.123 	0.153 	0.401 
015640 	0.585 	0.123 	0.153 	0.401 
015641 	0.585 	0.119 	0.155 	0.408 
015642 	0.587 	0.120 	0.154 	0.408 
015643 	0.588 	0.120 	0.153 	0.413 
015644 	0.589 	0.119 	0.151 	0.418 
015645 	0.587 	0.118 	0.153 	0.420 
015646 	0.586 	0.118 	0.153 	0.419 
015647 	0.586 	0.115 	0.153 	0.416 
015648 	0.586 	0.115 	0.155 	0.413 
015649 	0.586 	0.119 	0.156 	0.406 
015650 	0.586 	0.117 	0.157 	0.408 
015651 	0.586 	0.121 	0.151 	0.400 
015652 	0.585 	0.122 	0.153 	0.402 
015653 	0.586 	0.123 	0.149 	0.399 
015654 	0.586 	0.122 	0.154 	0.400 
015655 	0.586 	0.122 	0.152 	0.401 
015656 	0.587 	0.122 	0.153 	0.399 
015657 	0.587 	0.124 	0.154 	0.396 
015658 	0.587 	0.122 	0.154 	0.399 
015659 	0.586 	0.123 	0.153 	0.399 
015660 	0.587 	0.122 	0.153 	0.402 
015661 	0.586 	0.123 	0.154 	0.400 
015662 	0.586 	0.123 	0.153 	0.403 
015663 	0.586 	0.122 	0.152 	0.403 
015664 	0.586 	0.121 	0.151 	0.406 
015665 	0.586 	0.121 	0.151 	0.406 
015666 	0.588 	0.122 	0.152 	0.409 
015667 	0.588 	0.123 	0.152 	0.408 
015668 	0.588 	0.123 	0.150 	0.411 
015669 	0.589 	0.123 	0.151 	0.414 
015670 	0.590 	0.126 	0.149 	0.409 
015671 	0.591 	0.125 	0.152 	0.412 
015672 	0.591 	0.123 	0.151 	0.413 
015673 	0.591 	0.121 	0.152 	0.414 
015674 	0.591 	0.118 	0.153 	0.414 
015675 	0.591 	0.113 	0.153 	0.419 
015676 	0.591 	0.111 	0.155 	0.417 
015677 	0.592 	0.108 	0.154 	0.423 
015678 	0.591 	0.105 	0.154 	0.427 
015679 	0.592 	0.105 	0.151 	0.434 
015680 	0.593 	0.106 	0.154 	0.426 
015681 	0.594 	0.116 	0.154 	0.411 
015682 	0.594 	0.119 	0.155 	0.405 
015683 	0.593 	0.115 	0.158 	0.409 
015684 	0.594 	0.115 	0.158 	0.415 
015685 	0.595 	0.118 	0.159 	0.420 
015686 	0.597 	0.118 	0.156 	0.427 
015687 	0.597 	0.116 	0.158 	0.433 
015688 	0.598 	0.116 	0.159 	0.432 
015689 	0.599 	0.116 	0.159 	0.433 
015690 	0.599 	0.116 	0.159 	0.433 
015691 	0.599 	0.116 	0.159 	0.430 
015692 	0.598 	0.119 	0.160 	0.421 
015693 	0.597 	0.123 	0.159 	0.411 
015694 	0.596 	0.126 	0.159 	0.404 
015695 	0.595 	0.124 	0.159 	0.403 
015696 	0.594 	0.122 	0.159 	0.404 
015697 	0.594 	0.124 	0.158 	0.398 
015698 	0.593 	0.122 	0.160 	0.399 
015699 	0.593 	0.121 	0.159 	0.403 
015700 	0.592 	0.117 	0.159 	0.408 
015701 	0.592 	0.114 	0.158 	0.414 
015702 	0.592 	0.114 	0.158 	0.412 
015703 	0.593 	0.116 	0.156 	0.417 
015704 	0.592 	0.110 	0.157 	0.416 
015705 	0.592 	0.112 	0.159 	0.416 
015706 	0.593 	0.113 	0.158 	0.412 
015707 	0.593 	0.113 	0.159 	0.415 
015708 	0.594 	0.111 	0.158 	0.429 
015709 	0.594 	0.112 	0.156 	0.433 
015710 	0.594 	0.110 	0.156 	0.428 
015711 	0.594 	0.111 	0.158 	0.426 
015712 	0.593 	0.109 	0.158 	0.429 
015713 	0.593 	0.109 	0.157 	0.432 
015714 	0.592 	0.109 	0.157 	0.431 
015715 	0.592 	0.109 	0.157 	0.431 
015716 	0.592 	0.110 	0.157 	0.430 
015717 	0.593 	0.112 	0.159 	0.426 
015718 	0.592 	0.112 	0.158 	0.428 
015719 	0.592 	0.112 	0.156 	0.430 
015720 	0.593 	0.112 	0.158 	0.430 
015721 	0.593 	0.117 	0.157 	0.423 
015722 	0.593 	0.124 	0.156 	0.412 
015723 	0.595 	0.124 	0.154 	0.410 
015724 	0.596 	0.123 	0.155 	0.419 
015725 	0.597 	0.120 	0.155 	0.421 
015726 	0.600 	0.117 	0.154 	0.423 
015727 	0.600 	0.113 	0.155 	0.429 
015728 	0.602 	0.114 	0.155 	0.419 
015729 	0.604 	0.115 	0.152 	0.410 
015730 	0.605 	0.120 	0.152 	0.404 
015731 	0.607 	0.117 	0.152 	0.405 
015732 	0.608 	0.113 	0.152 	0.409 
015733 	0.607 	0.113 	0.154 	0.411 
015734 	0.607 	0.112 	0.154 	0.416 
015735 	0.607 	0.113 	0.152 	0.419 
015736 	0.606 	0.115 	0.153 	0.412 
015737 	0.604 	0.118 	0.153 	0.402 
015738 	0.603 	0.120 	0.153 	0.402 
015739 	0.602 	0.121 	0.152 	0.404 
015740 	0.602 	0.121 	0.152 	0.404 
015741 	0.599 	0.116 	0.155 	0.407 
015742 	0.598 	0.116 	0.154 	0.407 
015743 	0.596 	0.117 	0.156 	0.401 
015744 	0.596 	0.117 	0.158 	0.405 
015745 	0.595 	0.117 	0.157 	0.406 
015746 	0.594 	0.118 	0.158 	0.407 
015747 	0.593 	0.120 	0.157 	0.407 
015748 	0.593 	0.119 	0.158 	0.409 
015749 	0.592 	0.116 	0.157 	0.412 
015750 	0.592 	0.117 	0.156 	0.410 
015751 	0.591 	0.117 	0.157 	0.408 
015752 	0.590 	0.117 	0.158 	0.409 
015753 	0.590 	0.116 	0.158 	0.412 
015754 	0.589 	0.114 	0.158 	0.418 
015755 	0.588 	0.112 	0.158 	0.423 
015756 	0.588 	0.111 	0.156 	0.429 
015757 	0.588 	0.110 	0.155 	0.434 
015758 	0.587 	0.112 	0.155 	0.432 
015759 	0.586 	0.107 	0.154 	0.434 
015760 	0.585 	0.108 	0.154 	0.426 
015761 	0.586 	0.110 	0.151 	0.430 
015762 	0.584 	0.111 	0.153 	0.423 
015763 	0.584 	0.113 	0.151 	0.416 
015764 	0.584 	0.112 	0.149 	0.414 
015765 	0.584 	0.112 	0.149 	0.414 
015766 	0.585 	0.108 	0.149 	0.426 
015767 	0.584 	0.109 	0.152 	0.426 
015768 	0.582 	0.109 	0.156 	0.423 
015769 	0.581 	0.110 	0.159 	0.418 
015770 	0.581 	0.112 	0.159 	0.414 
015771 	0.580 	0.114 	0.160 	0.410 
015772 	0.578 	0.117 	0.160 	0.407 
015773 	0.578 	0.118 	0.160 	0.407 
015774 	0.576 	0.121 	0.161 	0.409 
015775 	0.576 	0.122 	0.160 	0.412 
015776 	0.576 	0.123 	0.162 	0.411 
015777 	0.575 	0.121 	0.162 	0.418 
015778 	0.575 	0.121 	0.161 	0.421 
015779 	0.575 	0.120 	0.161 	0.426 
015780 	0.574 	0.121 	0.162 	0.422 
015781 	0.574 	0.122 	0.162 	0.421 
015782 	0.576 	0.126 	0.159 	0.412 
015783 	0.575 	0.127 	0.160 	0.411 
015784 	0.574 	0.129 	0.158 	0.407 
015785 	0.573 	0.124 	0.159 	0.411 
015786 	0.574 	0.126 	0.159 	0.409 
015787 	0.573 	0.127 	0.160 	0.405 
015788 	0.573 	0.128 	0.160 	0.404 
015789 	0.573 	0.127 	0.160 	0.407 
015790 	0.573 	0.127 	0.160 	0.407 
015791 	0.573 	0.126 	0.159 	0.412 
015792 	0.574 	0.127 	0.158 	0.411 
015793 	0.574 	0.126 	0.158 	0.415 
015794 	0.574 	0.126 	0.159 	0.414 
015795 	0.575 	0.127 	0.159 	0.411 
015796 	0.576 	0.132 	0.158 	0.406 
015797 	0.577 	0.130 	0.158 	0.408 
015798 	0.577 	0.129 	0.158 	0.408 
015799 	0.577 	0.127 	0.158 	0.408 
015800 	0.578 	0.126 	0.159 	0.406 
015801 	0.579 	0.124 	0.160 	0.407 
015802 	0.581 	0.126 	0.160 	0.405 
015803 	0.583 	0.126 	0.160 	0.408 
015804 	0.585 	0.127 	0.158 	0.415 
015805 	0.586 	0.129 	0.157 	0.417 
015806 	0.586 	0.126 	0.159 	0.412 
015807 	0.586 	0.127 	0.160 	0.408 
015808 	0.587 	0.126 	0.160 	0.411 
015809 	0.587 	0.128 	0.159 	0.409 
015810 	0.587 	0.128 	0.158 	0.410 
015811 	0.587 	0.130 	0.158 	0.409 
015812 	0.587 	0.131 	0.157 	0.407 
015813 	0.586 	0.131 	0.156 	0.408 
015814 	0.585 	0.132 	0.158 	0.404 
015815 	0.585 	0.132 	0.158 	0.404 
015816 	0.583 	0.134 	0.159 	0.404 
015817 	0.583 	0.136 	0.160 	0.405 
015818 	0.582 	0.135 	0.161 	0.403 
015819 	0.582 	0.132 	0.162 	0.403 
015820 	0.582 	0.134 	0.162 	0.401 
015821 	0.582 	0.133 	0.162 	0.403 
015822 	0.582 	0.135 	0.162 	0.404 
015823 	0.583 	0.135 	0.160 	0.409 
015824 	0.583 	0.134 	0.162 	0.413 
015825 	0.584 	0.136 	0.163 	0.407 
015826 	0.584 	0.139 	0.163 	0.405 
015827 	0.585 	0.138 	0.162 	0.404 
015828 	0.585 	0.141 	0.162 	0.399 
015829 	0.586 	0.143 	0.161 	0.398 
015830 	0.587 	0.143 	0.159 	0.400 
015831 	0.586 	0.139 	0.159 	0.408 
015832 	0.585 	0.135 	0.161 	0.416 
015833 	0.584 	0.134 	0.161 	0.418 
015834 	0.584 	0.134 	0.160 	0.419 
015835 	0.586 	0.126 	0.158 	0.429 
015836 	0.585 	0.122 	0.157 	0.433 
015837 	0.584 	0.115 	0.158 	0.434 
015838 	0.583 	0.114 	0.157 	0.431 
015839 	0.582 	0.116 	0.156 	0.424 
015840 	0.582 	0.116 	0.156 	0.424 
015841 	0.582 	0.116 	0.154 	0.421 
015842 	0.581 	0.115 	0.157 	0.420 
015843 	0.582 	0.117 	0.157 	0.419 
015844 	0.583 	0.113 	0.157 	0.420 
015845 	0.582 	0.116 	0.158 	0.414 
015846 	0.582 	0.116 	0.159 	0.410 
015847 	0.578 	0.119 	0.159 	0.403 
015848 	0.574 	0.120 	0.158 	0.407 
015849 	0.573 	0.120 	0.155 	0.412 
015850 	0.572 	0.123 	0.156 	0.414 
015851 	0.571 	0.127 	0.156 	0.408 
015852 	0.570 	0.130 	0.156 	0.399 
015853 	0.571 	0.129 	0.156 	0.399 
015854 	0.571 	0.128 	0.157 	0.406 
015855 	0.572 	0.126 	0.156 	0.408 
015856 	0.574 	0.122 	0.157 	0.416 
015857 	0.573 	0.125 	0.157 	0.410 
015858 	0.574 	0.127 	0.156 	0.409 
015859 	0.575 	0.127 	0.154 	0.410 
015860 	0.576 	0.128 	0.154 	0.408 
015861 	0.577 	0.129 	0.154 	0.407 
015862 	0.577 	0.127 	0.157 	0.412 
015863 	0.577 	0.129 	0.156 	0.412 
015864 	0.577 	0.130 	0.158 	0.404 
015865 	0.577 	0.130 	0.158 	0.404 
015866 	0.577 	0.130 	0.155 	0.403 
015867 	0.576 	0.134 	0.154 	0.402 
015868 	0.576 	0.136 	0.154 	0.401 
015869 	0.576 	0.138 	0.153 	0.402 
015870 	0.576 	0.139 	0.153 	0.399 
015871 	0.575 	0.140 	0.155 	0.398 
015872 	0.574 	0.141 	0.154 	0.395 
015873 	0.574 	0.142 	0.156 	0.395 
015874 	0.574 	0.141 	0.154 	0.396 
015875 	0.573 	0.141 	0.157 	0.395 
015876 	0.574 	0.141 	0.154 	0.393 
015877 	0.574 	0.139 	0.156 	0.395 
015878 	0.575 	0.139 	0.156 	0.396 
015879 	0.575 	0.139 	0.157 	0.400 
015880 	0.575 	0.137 	0.158 	0.407 
015881 	0.577 	0.136 	0.159 	0.405 
015882 	0.577 	0.137 	0.161 	0.399 
015883 	0.578 	0.137 	0.160 	0.397 
015884 	0.579 	0.137 	0.162 	0.400 
015885 	0.580 	0.140 	0.161 	0.407 
015886 	0.583 	0.142 	0.158 	0.412 
015887 	0.583 	0.141 	0.159 	0.418 
015888 	0.584 	0.137 	0.161 	0.418 
015889 	0.584 	0.135 	0.161 	0.415 
015890 	0.584 	0.135 	0.161 	0.415 
015891 	0.585 	0.135 	0.161 	0.412 
015892 	0.585 	0.138 	0.162 	0.402 
015893 	0.585 	0.139 	0.161 	0.399 
015894 	0.585 	0.139 	0.162 	0.398 
015895 	0.585 	0.144 	0.162 	0.391 
015896 	0.585 	0.143 	0.162 	0.392 
015897 	0.584 	0.144 	0.161 	0.392 
015898 	0.583 	0.142 	0.161 	0.394 
015899 	0.583 	0.142 	0.161 	0.394 
015900 	0.582 	0.141 	0.161 	0.396 
015901 	0.583 	0.141 	0.162 	0.397 
015902 	0.582 	0.140 	0.162 	0.397 
015903 	0.583 	0.141 	0.162 	0.397 
015904 	0.582 	0.140 	0.162 	0.399 
015905 	0.581 	0.141 	0.161 	0.397 
015906 	0.582 	0.140 	0.161 	0.399 
015907 	0.582 	0.140 	0.160 	0.400 
015908 	0.582 	0.139 	0.160 	0.404 
015909 	0.581 	0.139 	0.159 	0.407 
015910 	0.582 	0.138 	0.158 	0.408 
015911 	0.582 	0.139 	0.158 	0.410 
015912 	0.583 	0.139 	0.158 	0.410 
015913 	0.582 	0.137 	0.160 	0.415 
015914 	0.583 	0.138 	0.160 	0.415 
015915 	0.583 	0.138 	0.160 	0.415 
015916 	0.583 	0.137 	0.159 	0.415 
015917 	0.582 	0.137 	0.160 	0.415 
015918 	0.582 	0.137 	0.160 	0.415 
015919 	0.582 	0.137 	0.159 	0.416 
015920 	0.583 	0.137 	0.159 	0.416 
015921 	0.583 	0.137 	0.159 	0.417 
015922 	0.583 	0.137 	0.160 	0.418 
015923 	0.583 	0.137 	0.159 	0.419 
015924 	0.582 	0.140 	0.157 	0.416 
015925 	0.584 	0.140 	0.158 	0.414 
015926 	0.584 	0.138 	0.160 	0.416 
015927 	0.584 	0.135 	0.159 	0.422 
015928 	0.585 	0.133 	0.158 	0.423 
015929 	0.585 	0.130 	0.157 	0.422 
015930 	0.585 	0.129 	0.160 	0.415 
015931 	0.587 	0.129 	0.160 	0.412 
015932 	0.589 	0.128 	0.160 	0.420 
015933 	0.590 	0.126 	0.160 	0.422 
015934 	0.592 	0.129 	0.159 	0.413 
015935 	0.593 	0.128 	0.161 	0.412 
015936 	0.594 	0.127 	0.162 	0.410 
015937 	0.595 	0.124 	0.163 	0.408 
015938 	0.597 	0.125 	0.163 	0.408 
015939 	0.599 	0.126 	0.162 	0.411 
015940 	0.599 	0.126 	0.162 	0.411 
015941 	0.600 	0.128 	0.162 	0.411 
015942 	0.602 	0.130 	0.163 	0.412 
015943 	0.603 	0.133 	0.162 	0.415 
015944 	0.604 	0.137 	0.162 	0.415 
015945 	0.604 	0.142 	0.164 	0.413 
015946 	0.605 	0.143 	0.165 	0.415 
015947 	0.606 	0.147 	0.162 	0.419 
015948 	0.606 	0.144 	0.162 	0.422 
015949 	0.607 	0.145 	0.161 	0.423 
015950 	0.608 	0.150 	0.162 	0.412 
015951 	0.608 	0.151 	0.158 	0.411 
015952 	0.608 	0.149 	0.159 	0.417 
015953 	0.608 	0.151 	0.158 	0.415 
015954 	0.607 	0.151 	0.159 	0.411 
015955 	0.606 	0.152 	0.161 	0.409 
015956 	0.606 	0.152 	0.161 	0.408 
015957 	0.606 	0.152 	0.161 	0.410 
015958 	0.605 	0.151 	0.161 	0.411 
015959 	0.605 	0.152 	0.162 	0.408 
015960 	0.604 	0.151 	0.163 	0.409 
015961 	0.604 	0.151 	0.161 	0.410 
015962 	0.604 	0.149 	0.161 	0.414 
015963 	0.604 	0.149 	0.162 	0.414 
015964 	0.604 	0.149 	0.162 	0.415 
015965 	0.604 	0.149 	0.162 	0.415 
015966 	0.604 	0.149 	0.162 	0.414 
015967 	0.604 	0.149 	0.160 	0.414 
015968 	0.604 	0.152 	0.161 	0.412 
015969 	0.604 	0.152 	0.161 	0.414 
015970 	0.605 	0.151 	0.161 	0.415 
015971 	0.606 	0.152 	0.158 	0.417 
015972 	0.605 	0.152 	0.158 	0.418 
015973 	0.604 	0.152 	0.159 	0.420 
015974 	0.603 	0.151 	0.158 	0.424 
015975 	0.603 	0.152 	0.159 	0.423 
015976 	0.601 	0.149 	0.160 	0.421 
015977 	0.599 	0.146 	0.161 	0.420 
015978 	0.599 	0.144 	0.159 	0.418 
015979 	0.599 	0.137 	0.158 	0.428 
015980 	0.597 	0.134 	0.159 	0.427 
015981 	0.595 	0.134 	0.161 	0.418 
015982 	0.594 	0.132 	0.160 	0.416 
015983 	0.593 	0.134 	0.159 	0.416 
015984 	0.592 	0.135 	0.158 	0.419 
015985 	0.589 	0.133 	0.157 	0.418 
015986 	0.588 	0.139 	0.155 	0.408 
015987 	0.588 	0.146 	0.154 	0.400 
015988 	0.585 	0.147 	0.156 	0.408 
015989 	0.582 	0.149 	0.157 	0.415 
015990 	0.582 	0.149 	0.157 	0.415 
015991 	0.581 	0.148 	0.157 	0.414 
015992 	0.578 	0.149 	0.160 	0.405 
015993 	0.577 	0.148 	0.162 	0.402 
015994 	0.576 	0.148 	0.160 	0.403 
015995 	0.576 	0.143 	0.160 	0.414 
015996 	0.575 	0.143 	0.161 	0.410 
015997 	0.573 	0.146 	0.161 	0.401 
015998 	0.571 	0.146 	0.161 	0.396 
015999 	0.570 	0.146 	0.161 	0.399 
016000 	0.569 	0.147 	0.161 	0.397 
016001 	0.569 	0.147 	0.160 	0.396 
016002 	0.568 	0.147 	0.163 	0.404 
016003 	0.568 	0.150 	0.161 	0.404 
016004 	0.567 	0.149 	0.162 	0.413 
016005 	0.568 	0.151 	0.157 	0.418 
016006 	0.568 	0.151 	0.157 	0.419 
016007 	0.569 	0.152 	0.157 	0.415 
016008 	0.569 	0.151 	0.157 	0.410 
016009 	0.569 	0.152 	0.156 	0.410 
016010 	0.568 	0.153 	0.158 	0.409 
016011 	0.568 	0.153 	0.160 	0.405 
016012 	0.567 	0.152 	0.160 	0.406 
016013 	0.567 	0.151 	0.160 	0.406 
016014 	0.567 	0.151 	0.160 	0.407 
016015 	0.567 	0.151 	0.160 	0.407 
016016 	0.567 	0.151 	0.160 	0.405 
016017 	0.566 	0.151 	0.161 	0.408 
016018 	0.566 	0.151 	0.161 	0.406 
016019 	0.567 	0.151 	0.160 	0.407 
016020 	0.566 	0.151 	0.161 	0.407 
016021 	0.565 	0.150 	0.162 	0.408 
016022 	0.565 	0.149 	0.162 	0.409 
016023 	0.565 	0.149 	0.161 	0.409 
016024 	0.567 	0.150 	0.160 	0.409 
016025 	0.566 	0.149 	0.160 	0.411 
016026 	0.566 	0.150 	0.160 	0.409 
016027 	0.567 	0.150 	0.160 	0.409 
016028 	0.567 	0.151 	0.159 	0.408 
016029 	0.567 	0.152 	0.159 	0.408 
016030 	0.568 	0.151 	0.159 	0.411 
016031 	0.568 	0.150 	0.160 	0.413 
016032 	0.569 	0.151 	0.159 	0.415 
016033 	0.570 	0.151 	0.160 	0.414 
016034 	0.570 	0.151 	0.158 	0.414 
016035 	0.570 	0.150 	0.159 	0.416 
016036 	0.572 	0.152 	0.157 	0.414 
016037 	0.572 	0.151 	0.158 	0.414 
016038 	0.571 	0.152 	0.158 	0.415 
016039 	0.572 	0.150 	0.158 	0.419 
016040 	0.572 	0.150 	0.158 	0.419 
016041 	0.573 	0.148 	0.159 	0.425 
016042 	0.574 	0.147 	0.160 	0.427 
016043 	0.574 	0.147 	0.157 	0.425 
016044 	0.576 	0.148 	0.155 	0.421 
016045 	0.575 	0.144 	0.156 	0.422 
016046 	0.575 	0.138 	0.158 	0.426 
016047 	0.574 	0.136 	0.158 	0.421 
016048 	0.574 	0.135 	0.157 	0.419 
016049 	0.575 	0.133 	0.157 	0.412 
016050 	0.575 	0.130 	0.156 	0.413 
016051 	0.575 	0.130 	0.156 	0.417 
016052 	0.575 	0.127 	0.157 	0.418 
016053 	0.576 	0.128 	0.156 	0.414 
016054 	0.576 	0.130 	0.155 	0.421 
016055 	0.575 	0.129 	0.156 	0.430 
016056 	0.575 	0.134 	0.157 	0.424 
016057 	0.575 	0.138 	0.155 	0.418 
016058 	0.573 	0.141 	0.160 	0.410 
016059 	0.573 	0.143 	0.158 	0.404 
016060 	0.574 	0.149 	0.157 	0.397 
016061 	0.574 	0.151 	0.157 	0.396 
016062 	0.572 	0.152 	0.160 	0.393 
016063 	0.570 	0.151 	0.160 	0.395 
016064 	0.571 	0.148 	0.159 	0.399 
016065 	0.571 	0.148 	0.159 	0.399 
016066 	0.571 	0.146 	0.159 	0.401 
016067 	0.571 	0.145 	0.157 	0.405 
016068 	0.570 	0.148 	0.159 	0.407 
016069 	0.570 	0.151 	0.160 	0.407 
016070 	0.569 	0.151 	0.158 	0.410 
016071 	0.570 	0.150 	0.158 	0.417 
016072 	0.569 	0.149 	0.159 	0.422 
016073 	0.568 	0.148 	0.159 	0.420 
016074 	0.569 	0.149 	0.159 	0.416 
016075 	0.568 	0.148 	0.161 	0.413 
016076 	0.568 	0.149 	0.160 	0.407 
016077 	0.569 	0.148 	0.161 	0.408 
016078 	0.569 	0.148 	0.161 	0.408 
016079 	0.570 	0.151 	0.160 	0.407 
016080 	0.574 	0.151 	0.157 	0.406 
016081 	0.574 	0.152 	0.157 	0.415 
016082 	0.576 	0.146 	0.157 	0.427 
016083 	0.578 	0.141 	0.158 	0.421 
016084 	0.580 	0.144 	0.159 	0.406 
016085 	0.580 	0.142 	0.160 	0.406 
016086 	0.581 	0.142 	0.160 	0.409 
016087 	0.581 	0.145 	0.162 	0.407 
016088 	0.582 	0.148 	0.161 	0.406 
016089 	0.583 	0.151 	0.161 	0.405 
016090 	0.583 	0.151 	0.161 	0.405 
016091 	0.584 	0.154 	0.160 	0.402 
016092 	0.584 	0.154 	0.162 	0.403 
016093 	0.585 	0.154 	0.160 	0.403 
016094 	0.584 	0.153 	0.161 	0.403 
016095 	0.584 	0.154 	0.161 	0.403 
016096 	0.584 	0.153 	0.162 	0.401 
016097 	0.584 	0.152 	0.162 	0.403 
016098 	0.585 	0.153 	0.160 	0.405 
016099 	0.585 	0.154 	0.160 	0.405 
016100 	0.585 	0.155 	0.160 	0.403 
016101 	0.585 	0.155 	0.161 	0.399 
016102 	0.585 	0.155 	0.161 	0.399 
016103 	0.585 	0.155 	0.160 	0.400 
016104 	0.584 	0.156 	0.161 	0.396 
016105 	0.585 	0.155 	0.161 	0.399 
016106 	0.584 	0.156 	0.161 	0.396 
016107 	0.585 	0.155 	0.160 	0.399 
016108 	0.584 	0.154 	0.162 	0.400 
016109 	0.583 	0.156 	0.163 	0.399 
016110 	0.583 	0.155 	0.162 	0.401 
016111 	0.582 	0.156 	0.162 	0.401 
016112 	0.583 	0.156 	0.162 	0.401 
016113 	0.582 	0.157 	0.162 	0.397 
016114 	0.582 	0.157 	0.161 	0.396 
016115 	0.582 	0.157 	0.161 	0.396 
016116 	0.581 	0.159 	0.161 	0.396 
016117 	0.582 	0.158 	0.160 	0.394 
016118 	0.581 	0.160 	0.161 	0.395 
016119 	0.579 	0.159 	0.162 	0.399 
016120 	0.579 	0.158 	0.162 	0.401 
016121 	0.579 	0.158 	0.162 	0.402 
016122 	0.579 	0.159 	0.162 	0.401 
016123 	0.579 	0.161 	0.162 	0.399 
016124 	0.578 	0.163 	0.162 	0.399 
016125 	0.578 	0.164 	0.163 	0.400 
016126 	0.579 	0.164 	0.165 	0.401 
016127 	0.579 	0.165 	0.164 	0.400 
016128 	0.580 	0.165 	0.164 	0.401 
016129 	0.581 	0.165 	0.162 	0.402 
016130 	0.580 	0.165 	0.162 	0.406 
016131 	0.585 	0.160 	0.159 	0.420 
016132 	0.584 	0.158 	0.158 	0.425 
016133 	0.581 	0.158 	0.159 	0.424 
016134 	0.581 	0.156 	0.159 	0.425 
016135 	0.580 	0.154 	0.158 	0.425 
016136 	0.579 	0.150 	0.157 	0.425 
016137 	0.579 	0.149 	0.157 	0.424 
016138 	0.579 	0.146 	0.157 	0.420 
016139 	0.582 	0.148 	0.156 	0.415 
016140 	0.582 	0.148 	0.156 	0.415 
016141 	0.583 	0.147 	0.154 	0.415 
016142 	0.586 	0.145 	0.153 	0.420 
016143 	0.587 	0.146 	0.153 	0.415 
016144 	0.589 	0.144 	0.152 	0.415 
016145 	0.591 	0.146 	0.152 	0.412 
016146 	0.592 	0.145 	0.155 	0.409 
016147 	0.597 	0.151 	0.155 	0.403 
016148 	0.601 	0.152 	0.153 	0.407 
016149 	0.604 	0.151 	0.152 	0.414 
016150 	0.605 	0.151 	0.154 	0.410 
016151 	0.609 	0.150 	0.155 	0.408 
016152 	0.611 	0.149 	0.156 	0.406 
016153 	0.615 	0.147 	0.156 	0.414 
016154 	0.614 	0.153 	0.163 	0.407 
016155 	0.617 	0.151 	0.163 	0.402 
016156 	0.623 	0.151 	0.161 	0.395 
016157 	0.627 	0.152 	0.160 	0.395 
016158 	0.632 	0.156 	0.160 	0.399 
016159 	0.636 	0.153 	0.158 	0.409 
016160 	0.640 	0.154 	0.158 	0.410 
016161 	0.644 	0.155 	0.157 	0.408 
016162 	0.648 	0.156 	0.159 	0.408 
016163 	0.650 	0.159 	0.163 	0.402 
016164 	0.652 	0.157 	0.162 	0.406 
016165 	0.652 	0.157 	0.162 	0.406 
016166 	0.656 	0.155 	0.159 	0.411 
016167 	0.659 	0.153 	0.160 	0.418 
016168 	0.661 	0.153 	0.161 	0.418 
016169 	0.663 	0.153 	0.159 	0.416 
016170 	0.666 	0.155 	0.159 	0.413 
016171 	0.668 	0.154 	0.159 	0.418 
016172 	0.666 	0.157 	0.163 	0.429 
016173 	0.667 	0.163 	0.165 	0.424 
016174 	0.667 	0.166 	0.165 	0.417 
016175 	0.670 	0.165 	0.164 	0.414 
016176 	0.672 	0.163 	0.162 	0.418 
016177 	0.672 	0.165 	0.163 	0.414 
016178 	0.674 	0.164 	0.163 	0.414 
016179 	0.674 	0.163 	0.163 	0.414 
016180 	0.675 	0.164 	0.163 	0.414 
016181 	0.677 	0.162 	0.163 	0.417 
016182 	0.677 	0.162 	0.164 	0.417 
016183 	0.679 	0.161 	0.165 	0.417 
016184 	0.680 	0.159 	0.164 	0.418 
016185 	0.680 	0.160 	0.165 	0.417 
016186 	0.681 	0.157 	0.166 	0.421 
016187 	0.682 	0.155 	0.166 	0.423 
016188 	0.682 	0.157 	0.163 	0.424 
016189 	0.685 	0.153 	0.161 	0.430 
016190 	0.685 	0.153 	0.161 	0.430 
016191 	0.684 	0.150 	0.161 	0.434 
016192 	0.681 	0.147 	0.161 	0.434 
016193 	0.680 	0.146 	0.162 	0.433 
016194 	0.681 	0.142 	0.161 	0.435 
016195 	0.680 	0.142 	0.161 	0.425 
016196 	0.680 	0.137 	0.163 	0.426 
016197 	0.681 	0.142 	0.161 	0.415 
016198 	0.681 	0.143 	0.161 	0.416 
016199 	0.682 	0.144 	0.158 	0.420 
016200 	0.681 	0.146 	0.156 	0.420 
016201 	0.683 	0.147 	0.154 	0.423 
016202 	0.682 	0.145 	0.157 	0.434 
016203 	0.682 	0.145 	0.159 	0.427 
016204 	0.681 	0.147 	0.164 	0.419 
016205 	0.680 	0.148 	0.164 	0.417 
016206 	0.681 	0.152 	0.164 	0.413 
016207 	0.680 	0.156 	0.164 	0.411 
016208 	0.680 	0.156 	0.165 	0.416 
016209 	0.679 	0.156 	0.163 	0.421 
016210 	0.678 	0.151 	0.162 	0.425 
016211 	0.677 	0.152 	0.163 	0.422 
016212 	0.675 	0.155 	0.163 	0.414 
016213 	0.672 	0.157 	0.163 	0.414 
016214 	0.671 	0.157 	0.164 	0.411 
016215 	0.671 	0.157 	0.164 	0.411 
016216 	0.673 	0.157 	0.163 	0.410 
016217 	0.670 	0.158 	0.164 	0.411 
016218 	0.670 	0.157 	0.165 	0.419 
016219 	0.670 	0.152 	0.165 	0.429 
016220 	0.670 	0.153 	0.166 	0.427 
016221 	0.670 	0.154 	0.166 	0.425 
016222 	0.670 	0.154 	0.166 	0.423 
016223 	0.671 	0.154 	0.165 	0.428 
016224 	0.671 	0.155 	0.164 	0.425 
016225 	0.670 	0.151 	0.165 	0.430 
016226 	0.670 	0.150 	0.165 	0.434 
016227 	0.669 	0.148 	0.164 	0.436 
016228 	0.669 	0.149 	0.164 	0.436 
016229 	0.668 	0.147 	0.165 	0.436 
016230 	0.666 	0.146 	0.166 	0.437 
016231 	0.665 	0.145 	0.167 	0.432 
016232 	0.665 	0.145 	0.167 	0.433 
016233 	0.664 	0.146 	0.168 	0.432 
016234 	0.662 	0.146 	0.168 	0.438 
016235 	0.664 	0.147 	0.166 	0.440 
016236 	0.664 	0.149 	0.166 	0.443 
016237 	0.666 	0.145 	0.162 	0.450 
016238 	0.665 	0.144 	0.161 	0.448 
016239 	0.663 	0.145 	0.163 	0.446 
016240 	0.663 	0.145 	0.163 	0.446 
016241 	0.662 	0.145 	0.162 	0.440 
016242 	0.661 	0.146 	0.162 	0.437 
016243 	0.660 	0.146 	0.163 	0.437 
016244 	0.659 	0.145 	0.163 	0.437 
016245 	0.657 	0.146 	0.163 	0.433 
016246 	0.655 	0.144 	0.163 	0.435 
016247 	0.653 	0.146 	0.163 	0.433 
016248 	0.651 	0.149 	0.162 	0.437 
016249 	0.648 	0.152 	0.163 	0.432 
016250 	0.648 	0.155 	0.162 	0.434 
016251 	0.643 	0.150 	0.164 	0.437 
016252 	0.644 	0.154 	0.161 	0.437 
016253 	0.639 	0.151 	0.161 	0.443 
016254 	0.635 	0.148 	0.164 	0.445 
016255 	0.631 	0.146 	0.164 	0.447 
016256 	0.628 	0.143 	0.166 	0.448 
016257 	0.634 	0.140 	0.169 	0.436 
016258 	0.630 	0.137 	0.167 	0.438 
016259 	0.625 	0.131 	0.167 	0.440 
016260 	0.619 	0.126 	0.166 	0.438 
016261 	0.612 	0.118 	0.170 	0.438 
016262 	0.602 	0.113 	0.170 	0.434 
016263 	0.596 	0.104 	0.172 	0.445 
016264 	0.591 	0.105 	0.169 	0.448 
016265 	0.591 	0.105 	0.169 	0.448 
016266 	0.583 	0.101 	0.170 	0.445 
016267 	0.576 	0.098 	0.173 	0.446 
016268 	0.570 	0.097 	0.172 	0.449 
016269 	0.566 	0.104 	0.170 	0.441 
016270 	0.562 	0.104 	0.171 	0.446 
016271 	0.557 	0.110 	0.172 	0.442 
016272 	0.555 	0.114 	0.173 	0.434 
016273 	0.556 	0.113 	0.169 	0.442 
016274 	0.555 	0.117 	0.168 	0.441 
016275 	0.553 	0.118 	0.167 	0.445 
016276 	0.552 	0.121 	0.167 	0.444 
016277 	0.551 	0.124 	0.164 	0.449 
016278 	0.550 	0.127 	0.166 	0.448 
016279 	0.550 	0.131 	0.167 	0.441 
016280 	0.550 	0.134 	0.168 	0.445 
016281 	0.551 	0.136 	0.166 	0.456 
016282 	0.552 	0.139 	0.166 	0.452 
016283 	0.554 	0.144 	0.166 	0.437 
016284 	0.554 	0.152 	0.167 	0.425 
016285 	0.556 	0.152 	0.166 	0.431 
016286 	0.554 	0.155 	0.166 	0.425 
016287 	0.555 	0.157 	0.167 	0.424 
016288 	0.554 	0.153 	0.169 	0.433 
016289 	0.552 	0.157 	0.174 	0.428 
016290 	0.552 	0.157 	0.174 	0.428 
016291 	0.553 	0.156 	0.174 	0.431 
016292 	0.555 	0.156 	0.173 	0.435 
016293 	0.557 	0.158 	0.172 	0.428 
016294 	0.557 	0.157 	0.172 	0.427 
016295 	0.561 	0.152 	0.168 	0.441 
016296 	0.560 	0.154 	0.170 	0.438 
016297 	0.558 	0.157 	0.174 	0.424 
016298 	0.557 	0.156 	0.175 	0.426 
016299 	0.557 	0.155 	0.175 	0.427 
016300 	0.558 	0.155 	0.174 	0.427 
016301 	0.561 	0.151 	0.170 	0.441 
016302 	0.560 	0.149 	0.171 	0.438 
016303 	0.559 	0.150 	0.170 	0.436 
016304 	0.560 	0.147 	0.168 	0.428 
016305 	0.558 	0.147 	0.171 	0.422 
016306 	0.555 	0.146 	0.174 	0.418 
016307 	0.553 	0.142 	0.176 	0.420 
016308 	0.554 	0.141 	0.174 	0.424 
016309 	0.554 	0.139 	0.174 	0.429 
016310 	0.553 	0.139 	0.174 	0.427 
016311 	0.552 	0.139 	0.175 	0.428 
016312 	0.553 	0.138 	0.173 	0.432 
016313 	0.554 	0.138 	0.172 	0.436 
016314 	0.554 	0.139 	0.171 	0.445 
016315 	0.554 	0.139 	0.171 	0.445 
016316 	0.554 	0.138 	0.172 	0.451 
016317 	0.558 	0.131 	0.173 	0.458 
016318 	0.559 	0.130 	0.170 	0.465 
016319 	0.560 	0.128 	0.172 	0.464 
016320 	0.556 	0.137 	0.170 	0.451 
016321 	0.555 	0.144 	0.170 	0.442 
016322 	0.556 	0.148 	0.168 	0.441 
016323 	0.553 	0.151 	0.174 	0.438 
016324 	0.553 	0.154 	0.174 	0.440 
016325 	0.554 	0.153 	0.172 	0.444 
016326 	0.557 	0.143 	0.167 	0.455 
016327 	0.557 	0.141 	0.167 	0.455 
016328 	0.557 	0.142 	0.169 	0.445 
016329 	0.557 	0.143 	0.171 	0.437 
016330 	0.557 	0.140 	0.172 	0.437 
016331 	0.558 	0.142 	0.172 	0.436 
016332 	0.559 	0.144 	0.171 	0.438 
016333 	0.560 	0.146 	0.172 	0.438 
016334 	0.560 	0.146 	0.172 	0.445 
016335 	0.560 	0.148 	0.172 	0.444 
016336 	0.562 	0.144 	0.171 	0.445 
016337 	0.560 	0.143 	0.173 	0.436 
016338 	0.558 	0.138 	0.174 	0.442 
016339 	0.559 	0.136 	0.173 	0.444 
016340 	0.559 	0.136 	0.173 	0.444 
016341 	0.562 	0.132 	0.174 	0.455 
016342 	0.562 	0.134 	0.173 	0.455 
016343 	0.561 	0.136 	0.172 	0.453 
016344 	0.557 	0.144 	0.173 	0.443 
016345 	0.555 	0.147 	0.173 	0.436 
016346 	0.554 	0.146 	0.174 	0.434 
016347 	0.555 	0.145 	0.173 	0.433 
016348 	0.555 	0.141 	0.174 	0.432 
016349 	0.555 	0.139 	0.174 	0.434 
016350 	0.557 	0.140 	0.174 	0.440 
016351 	0.559 	0.144 	0.171 	0.441 
016352 	0.559 	0.145 	0.172 	0.441 
016353 	0.558 	0.145 	0.171 	0.442 
016354 	0.559 	0.141 	0.171 	0.455 
016355 	0.565 	0.136 	0.172 	0.457 
016356 	0.566 	0.134 	0.172 	0.462 
016357 	0.566 	0.135 	0.172 	0.458 
016358 	0.568 	0.136 	0.170 	0.460 
016359 	0.569 	0.138 	0.171 	0.461 
016360 	0.568 	0.141 	0.170 	0.457 
016361 	0.563 	0.149 	0.169 	0.451 
016362 	0.568 	0.145 	0.172 	0.451 
016363 	0.568 	0.145 	0.171 	0.451 
016364 	0.569 	0.147 	0.173 	0.450 
016365 	0.569 	0.147 	0.173 	0.450 
016366 	0.569 	0.148 	0.174 	0.447 
016367 	0.564 	0.154 	0.175 	0.432 
016368 	0.565 	0.153 	0.174 	0.434 
016369 	0.565 	0.153 	0.174 	0.433 
016370 	0.566 	0.154 	0.174 	0.435 
016371 	0.565 	0.153 	0.174 	0.436 
016372 	0.569 	0.149 	0.173 	0.450 
016373 	0.569 	0.150 	0.173 	0.451 
016374 	0.569 	0.149 	0.174 	0.454 
016375 	0.570 	0.150 	0.174 	0.453 
016376 	0.569 	0.150 	0.172 	0.453 
016377 	0.571 	0.151 	0.172 	0.457 
016378 	0.570 	0.149 	0.172 	0.460 
016379 	0.570 	0.152 	0.171 	0.456 
016380 	0.569 	0.151 	0.172 	0.456 
016381 	0.569 	0.150 	0.173 	0.461 
016382 	0.569 	0.151 	0.172 	0.459 
016383 	0.570 	0.149 	0.173 	0.463 
016384 	0.569 	0.148 	0.174 	0.463 
016385 	0.570 	0.148 	0.173 	0.465 
016386 	0.570 	0.148 	0.173 	0.466 
016387 	0.570 	0.148 	0.174 	0.469 
016388 	0.571 	0.148 	0.174 	0.465 
016389 	0.573 	0.144 	0.172 	0.468 
016390 	0.573 	0.144 	0.172 	0.468 
016391 	0.575 	0.144 	0.174 	0.468 
016392 	0.576 	0.141 	0.174 	0.469 
016393 	0.576 	0.139 	0.175 	0.453 
016394 	0.578 	0.137 	0.176 	0.440 
016395 	0.580 	0.136 	0.176 	0.439 
016396 	0.582 	0.135 	0.174 	0.440 
016397 	0.585 	0.135 	0.173 	0.443 
016398 	0.586 	0.136 	0.175 	0.443 
016399 	0.587 	0.135 	0.177 	0.443 
016400 	0.592 	0.138 	0.175 	0.441 
016401 	0.593 	0.138 	0.174 	0.435 
016402 	0.595 	0.138 	0.176 	0.437 
016403 	0.597 	0.140 	0.174 	0.444 
016404 	0.597 	0.142 	0.171 	0.454 
016405 	0.598 	0.142 	0.170 	0.450 
016406 	0.598 	0.144 	0.172 	0.439 
016407 	0.597 	0.142 	0.172 	0.439 
016408 	0.598 	0.140 	0.173 	0.436 
016409 	0.600 	0.139 	0.173 	0.434 
016410 	0.601 	0.139 	0.173 	0.433 
016411 	0.602 	0.138 	0.172 	0.434 
016412 	0.605 	0.139 	0.171 	0.434 
016413 	0.607 	0.141 	0.172 	0.435 
016414 	0.609 	0.145 	0.171 	0.440 
016415 	0.609 	0.145 	0.171 	0.440 
016416 	0.610 	0.145 	0.169 	0.442 
016417 	0.613 	0.146 	0.169 	0.444 
016418 	0.614 	0.148 	0.168 	0.439 
016419 	0.616 	0.147 	0.169 	0.439 
016420 	0.619 	0.146 	0.167 	0.447 
016421 	0.619 	0.145 	0.170 	0.443 
016422 	0.619 	0.143 	0.170 	0.438 
016423 	0.619 	0.142 	0.170 	0.438 
016424 	0.619 	0.142 	0.169 	0.442 
016425 	0.618 	0.143 	0.169 	0.440 
016426 	0.617 	0.143 	0.169 	0.445 
016427 	0.618 	0.147 	0.169 	0.450 
016428 	0.617 	0.152 	0.169 	0.443 
016429 	0.616 	0.155 	0.170 	0.439 
016430 	0.615 	0.157 	0.170 	0.438 
016431 	0.616 	0.158 	0.171 	0.437 
016432 	0.616 	0.157 	0.170 	0.445 
016433 	0.617 	0.161 	0.171 	0.441 
016434 	0.617 	0.159 	0.172 	0.451 
016435 	0.617 	0.159 	0.171 	0.453 
016436 	0.617 	0.158 	0.170 	0.454 
016437 	0.616 	0.159 	0.171 	0.446 
016438 	0.615 	0.158 	0.172 	0.445 
016439 	0.615 	0.159 	0.172 	0.442 
016440 	0.615 	0.159 	0.172 	0.442 
016441 	0.614 	0.160 	0.173 	0.442 
016442 	0.614 	0.159 	0.172 	0.441 
016443 	0.613 	0.159 	0.171 	0.442 
016444 	0.613 	0.158 	0.172 	0.442 
016445 	0.612 	0.156 	0.172 	0.441 
016446 	0.613 	0.155 	0.174 	0.434 
016447 	0.613 	0.152 	0.174 	0.429 
016448 	0.614 	0.151 	0.172 	0.431 
016449 	0.613 	0.152 	0.173 	0.442 
016450 	0.615 	0.154 	0.171 	0.437 
016451 	0.615 	0.157 	0.174 	0.430 
016452 	0.616 	0.159 	0.173 	0.426 
016453 	0.617 	0.161 	0.172 	0.429 
016454 	0.617 	0.161 	0.170 	0.439 
016455 	0.618 	0.161 	0.168 	0.442 
016456 	0.617 	0.163 	0.169 	0.441 
016457 	0.614 	0.164 	0.170 	0.442 
016458 	0.613 	0.165 	0.170 	0.446 
016459 	0.610 	0.163 	0.172 	0.447 
016460 	0.607 	0.164 	0.173 	0.444 
016461 	0.606 	0.163 	0.174 	0.445 
016462 	0.605 	0.160 	0.171 	0.446 
016463 	0.603 	0.158 	0.170 	0.449 
016464 	0.600 	0.156 	0.171 	0.444 
016465 	0.600 	0.156 	0.171 	0.444 
016466 	0.600 	0.156 	0.171 	0.441 
016467 	0.600 	0.156 	0.170 	0.441 
016468 	0.598 	0.154 	0.170 	0.445 
016469 	0.597 	0.155 	0.172 	0.442 
016470 	0.598 	0.154 	0.170 	0.445 
016471 	0.598 	0.154 	0.170 	0.443 
016472 	0.598 	0.151 	0.172 	0.448 
016473 	0.598 	0.150 	0.170 	0.444 
016474 	0.599 	0.149 	0.170 	0.447 
016475 	0.597 	0.149 	0.170 	0.449 
016476 	0.593 	0.148 	0.170 	0.453 
016477 	0.590 	0.146 	0.173 	0.454 
016478 	0.586 	0.147 	0.174 	0.448 
016479 	0.585 	0.142 	0.174 	0.446 
016480 	0.581 	0.148 	0.162 	0.442 
016481 	0.586 	0.144 	0.178 	0.449 
016482 	0.586 	0.147 	0.175 	0.457 
016483 	0.585 	0.149 	0.177 	0.453 
016484 	0.586 	0.148 	0.180 	0.444 
016485 	0.586 	0.147 	0.182 	0.442 
016486 	0.587 	0.148 	0.183 	0.436 
016487 	0.588 	0.149 	0.183 	0.436 
016488 	0.590 	0.150 	0.181 	0.446 
016489 	0.591 	0.157 	0.183 	0.451 
016490 	0.591 	0.157 	0.183 	0.451 
016491 	0.592 	0.157 	0.180 	0.448 
016492 	0.592 	0.159 	0.181 	0.440 
016493 	0.594 	0.162 	0.181 	0.436 
016494 	0.594 	0.164 	0.184 	0.437 
016495 	0.596 	0.165 	0.181 	0.443 
016496 	0.598 	0.165 	0.181 	0.441 
016497 	0.599 	0.167 	0.183 	0.439 
016498 	0.601 	0.167 	0.184 	0.439 
016499 	0.603 	0.168 	0.185 	0.437 
016500 	0.606 	0.167 	0.184 	0.443 
016501 	0.608 	0.166 	0.182 	0.442 
016502 	0.610 	0.167 	0.181 	0.443 
016503 	0.614 	0.164 	0.184 	0.446 
016504 	0.616 	0.166 	0.180 	0.444 
016505 	0.617 	0.165 	0.178 	0.450 
016506 	0.619 	0.164 	0.177 	0.448 
016507 	0.621 	0.166 	0.176 	0.446 
016508 	0.622 	0.161 	0.177 	0.454 
016509 	0.624 	0.160 	0.176 	0.457 
016510 	0.626 	0.162 	0.180 	0.458 
016511 	0.630 	0.163 	0.178 	0.459 
016512 	0.633 	0.158 	0.174 	0.463 
016513 	0.636 	0.152 	0.173 	0.462 
016514 	0.631 	0.157 	0.158 	0.455 
016515 	0.631 	0.157 	0.158 	0.455 
016516 	0.638 	0.158 	0.158 	0.456 
016517 	0.642 	0.159 	0.159 	0.459 
016518 	0.647 	0.166 	0.164 	0.441 
016519 	0.649 	0.168 	0.166 	0.432 
016520 	0.653 	0.167 	0.161 	0.437 
016521 	0.656 	0.169 	0.162 	0.436 
016522 	0.660 	0.171 	0.161 	0.437 
016523 	0.670 	0.165 	0.181 	0.447 
016524 	0.671 	0.165 	0.178 	0.450 
016525 	0.675 	0.167 	0.180 	0.453 
016526 	0.679 	0.166 	0.178 	0.457 
016527 	0.685 	0.166 	0.180 	0.455 
016528 	0.689 	0.166 	0.180 	0.446 
016529 	0.695 	0.163 	0.177 	0.450 
016530 	0.701 	0.162 	0.175 	0.453 
016531 	0.710 	0.158 	0.175 	0.463 
016532 	0.713 	0.161 	0.173 	0.460 
016533 	0.718 	0.162 	0.171 	0.452 
016534 	0.721 	0.165 	0.172 	0.451 
016535 	0.725 	0.166 	0.169 	0.451 
016536 	0.728 	0.169 	0.172 	0.450 
016537 	0.729 	0.170 	0.173 	0.442 
016538 	0.730 	0.172 	0.173 	0.438 
016539 	0.731 	0.170 	0.174 	0.446 
016540 	0.731 	0.170 	0.174 	0.446 
016541 	0.733 	0.170 	0.174 	0.453 
016542 	0.733 	0.171 	0.175 	0.458 
016543 	0.733 	0.170 	0.175 	0.459 
016544 	0.732 	0.172 	0.176 	0.452 
016545 	0.731 	0.176 	0.173 	0.441 
016546 	0.729 	0.177 	0.175 	0.438 
016547 	0.726 	0.175 	0.173 	0.437 
016548 	0.724 	0.172 	0.173 	0.436 
016549 	0.720 	0.171 	0.174 	0.440 
016550 	0.719 	0.167 	0.174 	0.445 
016551 	0.715 	0.168 	0.174 	0.442 
016552 	0.712 	0.167 	0.175 	0.445 
016553 	0.708 	0.167 	0.176 	0.444 
016554 	0.703 	0.165 	0.176 	0.447 
016555 	0.699 	0.163 	0.177 	0.452 
016556 	0.694 	0.163 	0.173 	0.451 
016557 	0.688 	0.160 	0.174 	0.459 
016558 	0.684 	0.157 	0.174 	0.467 
016559 	0.680 	0.159 	0.176 	0.463 
016560 	0.677 	0.159 	0.177 	0.460 
016561 	0.674 	0.153 	0.176 	0.462 
016562 	0.671 	0.151 	0.174 	0.458 
016563 	0.668 	0.151 	0.174 	0.453 
016564 	0.662 	0.152 	0.166 	0.447 
016565 	0.662 	0.152 	0.166 	0.447 
016566 	0.662 	0.143 	0.173 	0.470 
016567 	0.656 	0.144 	0.165 	0.466 
016568 	0.656 	0.144 	0.165 	0.467 
016569 	0.653 	0.144 	0.164 	0.461 
016570 	0.649 	0.148 	0.167 	0.449 
016571 	0.643 	0.149 	0.166 	0.444 
016572 	0.646 	0.145 	0.173 	0.444 
016573 	0.643 	0.149 	0.170 	0.447 
016574 	0.639 	0.151 	0.172 	0.456 
016575 	0.635 	0.152 	0.173 	0.459 
016576 	0.629 	0.155 	0.174 	0.447 
016577 	0.622 	0.156 	0.174 	0.441 
016578 	0.618 	0.155 	0.174 	0.442 
016579 	0.613 	0.155 	0.176 	0.442 
016580 	0.609 	0.153 	0.174 	0.446 
016581 	0.605 	0.152 	0.174 	0.445 
016582 	0.600 	0.153 	0.173 	0.441 
016583 	0.597 	0.148 	0.174 	0.445 
016584 	0.591 	0.148 	0.173 	0.448 
016585 	0.587 	0.148 	0.173 	0.447 
016586 	0.584 	0.150 	0.173 	0.448 
016587 	0.579 	0.150 	0.174 	0.453 
016588 	0.578 	0.148 	0.173 	0.461 
016589 	0.574 	0.149 	0.172 	0.462 
016590 	0.574 	0.149 	0.172 	0.462 
016591 	0.571 	0.146 	0.173 	0.461 
016592 	0.569 	0.144 	0.176 	0.452 
016593 	0.563 	0.149 	0.172 	0.441 
016594 	0.561 	0.151 	0.172 	0.442 
016595 	0.559 	0.154 	0.173 	0.442 
016596 	0.566 	0.149 	0.169 	0.462 
016597 	0.566 	0.151 	0.171 	0.461 
016598 	0.558 	0.160 	0.174 	0.440 
016599 	0.567 	0.155 	0.171 	0.454 
016600 	0.561 	0.161 	0.171 	0.442 
016601 	0.563 	0.162 	0.169 	0.442 
016602 	0.563 	0.166 	0.171 	0.435 
016603 	0.563 	0.166 	0.171 	0.438 
016604 	0.564 	0.163 	0.172 	0.445 
016605 	0.565 	0.164 	0.173 	0.439 
016606 	0.566 	0.163 	0.171 	0.443 
016607 	0.572 	0.160 	0.172 	0.457 
016608 	0.572 	0.161 	0.172 	0.457 
016609 	0.572 	0.162 	0.173 	0.452 
016610 	0.572 	0.163 	0.174 	0.451 
016611 	0.571 	0.162 	0.174 	0.452 
016612 	0.571 	0.161 	0.174 	0.454 
016613 	0.570 	0.160 	0.172 	0.457 
016614 	0.571 	0.162 	0.172 	0.455 
016615 	0.571 	0.162 	0.172 	0.455 
016616 	0.570 	0.161 	0.172 	0.456 
016617 	0.571 	0.158 	0.171 	0.460 
016618 	0.566 	0.163 	0.169 	0.456 
016619 	0.569 	0.159 	0.171 	0.461 
016620 	0.568 	0.159 	0.171 	0.457 
016621 	0.568 	0.159 	0.172 	0.454 
016622 	0.568 	0.159 	0.173 	0.455 
016623 	0.562 	0.167 	0.173 	0.439 
016624 	0.561 	0.167 	0.174 	0.435 
016625 	0.559 	0.166 	0.174 	0.432 
016626 	0.560 	0.167 	0.172 	0.430 
016627 	0.560 	0.167 	0.173 	0.431 
016628 	0.559 	0.164 	0.173 	0.437 
016629 	0.563 	0.157 	0.174 	0.454 
016630 	0.564 	0.155 	0.172 	0.461 
016631 	0.562 	0.155 	0.171 	0.457 
016632 	0.552 	0.161 	0.177 	0.434 
016633 	0.555 	0.154 	0.168 	0.440 
016634 	0.553 	0.153 	0.169 	0.439 
016635 	0.552 	0.153 	0.163 	0.441 
016636 	0.550 	0.154 	0.161 	0.436 
016637 	0.548 	0.154 	0.166 	0.438 
016638 	0.549 	0.153 	0.160 	0.446 
016639 	0.550 	0.156 	0.159 	0.445 
016640 	0.550 	0.156 	0.159 	0.445 
016641 	0.547 	0.154 	0.164 	0.444 
016642 	0.548 	0.153 	0.162 	0.443 
016643 	0.548 	0.154 	0.160 	0.445 
016644 	0.549 	0.156 	0.161 	0.445 
016645 	0.549 	0.157 	0.162 	0.442 
016646 	0.549 	0.156 	0.163 	0.442 
016647 	0.548 	0.155 	0.162 	0.442 
016648 	0.549 	0.154 	0.161 	0.447 
016649 	0.550 	0.153 	0.161 	0.455 
016650 	0.551 	0.155 	0.154 	0.454 
016651 	0.551 	0.154 	0.154 	0.454 
016652 	0.549 	0.154 	0.160 	0.449 
016653 	0.550 	0.155 	0.161 	0.443 
016654 	0.551 	0.157 	0.154 	0.441 
016655 	0.549 	0.155 	0.160 	0.442 
016656 	0.549 	0.154 	0.161 	0.446 
016657 	0.549 	0.154 	0.161 	0.448 
016658 	0.550 	0.152 	0.160 	0.450 
016659 	0.550 	0.153 	0.161 	0.449 
016660 	0.551 	0.153 	0.162 	0.454 
016661 	0.551 	0.152 	0.162 	0.459 
016662 	0.552 	0.151 	0.161 	0.461 
016663 	0.553 	0.151 	0.160 	0.460 
016664 	0.553 	0.151 	0.161 	0.459 
016665 	0.553 	0.151 	0.161 	0.459 
016666 	0.561 	0.156 	0.178 	0.457 
016667 	0.553 	0.152 	0.161 	0.461 
016668 	0.556 	0.150 	0.153 	0.460 
016669 	0.560 	0.155 	0.178 	0.464 
016670 	0.555 	0.149 	0.157 	0.455 
016671 	0.554 	0.149 	0.159 	0.451 
016672 	0.553 	0.153 	0.164 	0.447 
016673 	0.560 	0.155 	0.176 	0.458 
016674 	0.560 	0.154 	0.175 	0.460 
016675 	0.560 	0.156 	0.176 	0.457 
016676 	0.555 	0.153 	0.163 	0.453 
016677 	0.555 	0.153 	0.164 	0.453 
016678 	0.560 	0.157 	0.177 	0.456 
016679 	0.560 	0.158 	0.176 	0.454 
016680 	0.560 	0.158 	0.177 	0.456 
016681 	0.560 	0.155 	0.176 	0.466 
016682 	0.560 	0.156 	0.177 	0.466 
016683 	0.561 	0.154 	0.177 	0.468 
016684 	0.562 	0.155 	0.176 	0.466 
016685 	0.562 	0.156 	0.174 	0.459 
016686 	0.562 	0.156 	0.175 	0.453 
016687 	0.562 	0.157 	0.175 	0.453 
016688 	0.562 	0.158 	0.175 	0.452 
016689 	0.563 	0.159 	0.173 	0.451 
016690 	0.563 	0.159 	0.173 	0.451 
016691 	0.562 	0.158 	0.174 	0.451 
016692 	0.563 	0.157 	0.172 	0.453 
016693 	0.559 	0.160 	0.162 	0.443 
016694 	0.564 	0.158 	0.175 	0.449 
016695 	0.564 	0.158 	0.175 	0.450 
016696 	0.566 	0.153 	0.172 	0.454 
016697 	0.566 	0.152 	0.173 	0.459 
016698 	0.566 	0.152 	0.175 	0.462 
016699 	0.567 	0.150 	0.177 	0.461 
016700 	0.567 	0.150 	0.175 	0.465 
016701 	0.567 	0.150 	0.174 	0.465 
016702 	0.568 	0.149 	0.175 	0.471 
016703 	0.569 	0.149 	0.174 	0.469 
016704 	0.569 	0.151 	0.174 	0.471 
016705 	0.569 	0.150 	0.174 	0.473 
016706 	0.568 	0.150 	0.175 	0.471 
016707 	0.569 	0.152 	0.175 	0.462 
016708 	0.569 	0.153 	0.173 	0.456 
016709 	0.570 	0.155 	0.174 	0.453 
016710 	0.569 	0.155 	0.174 	0.455 
016711 	0.570 	0.154 	0.172 	0.461 
016712 	0.569 	0.154 	0.171 	0.459 
016713 	0.571 	0.153 	0.172 	0.457 
016714 	0.570 	0.155 	0.174 	0.453 
016715 	0.570 	0.155 	0.174 	0.453 
016716 	0.571 	0.154 	0.173 	0.455 
016717 	0.571 	0.156 	0.175 	0.452 
016718 	0.572 	0.156 	0.175 	0.451 
016719 	0.568 	0.161 	0.172 	0.439 
016720 	0.568 	0.162 	0.172 	0.438 
016721 	0.568 	0.164 	0.171 	0.438 
016722 	0.573 	0.161 	0.173 	0.454 
016723 	0.566 	0.167 	0.169 	0.443 
016724 	0.567 	0.171 	0.168 	0.449 
016725 	0.573 	0.164 	0.172 	0.470 
016726 	0.567 	0.170 	0.165 	0.458 
016727 	0.574 	0.164 	0.172 	0.468 
016728 	0.573 	0.159 	0.172 	0.466 
016729 	0.573 	0.158 	0.172 	0.458 
016730 	0.574 	0.154 	0.173 	0.459 
016731 	0.574 	0.152 	0.174 	0.461 
016732 	0.575 	0.153 	0.175 	0.455 
016733 	0.574 	0.152 	0.174 	0.450 
016734 	0.571 	0.157 	0.170 	0.433 
016735 	0.571 	0.156 	0.170 	0.432 
016736 	0.573 	0.155 	0.167 	0.440 
016737 	0.576 	0.151 	0.174 	0.443 
016738 	0.577 	0.149 	0.174 	0.441 
016739 	0.578 	0.147 	0.173 	0.443 
016740 	0.578 	0.147 	0.173 	0.443 
016741 	0.578 	0.148 	0.173 	0.443 
016742 	0.577 	0.148 	0.173 	0.446 
016743 	0.577 	0.147 	0.173 	0.447 
016744 	0.578 	0.146 	0.173 	0.452 
016745 	0.579 	0.145 	0.173 	0.455 
016746 	0.579 	0.145 	0.174 	0.454 
016747 	0.580 	0.143 	0.174 	0.457 
016748 	0.580 	0.143 	0.174 	0.458 
016749 	0.580 	0.144 	0.174 	0.457 
016750 	0.580 	0.144 	0.174 	0.455 
016751 	0.579 	0.144 	0.175 	0.452 
016752 	0.578 	0.146 	0.173 	0.445 
016753 	0.575 	0.147 	0.166 	0.453 
016754 	0.575 	0.147 	0.169 	0.441 
016755 	0.574 	0.148 	0.170 	0.439 
016756 	0.574 	0.150 	0.167 	0.449 
016757 	0.572 	0.148 	0.171 	0.439 
016758 	0.572 	0.149 	0.172 	0.441 
016759 	0.575 	0.151 	0.175 	0.442 
016760 	0.576 	0.150 	0.174 	0.443 
016761 	0.576 	0.150 	0.173 	0.446 
016762 	0.576 	0.150 	0.174 	0.447 
016763 	0.576 	0.149 	0.174 	0.448 
016764 	0.577 	0.150 	0.174 	0.445 
016765 	0.577 	0.150 	0.174 	0.445 
016766 	0.578 	0.151 	0.174 	0.448 
016767 	0.578 	0.150 	0.172 	0.449 
016768 	0.578 	0.150 	0.173 	0.450 
016769 	0.578 	0.149 	0.172 	0.454 
016770 	0.578 	0.148 	0.172 	0.456 
016771 	0.577 	0.149 	0.173 	0.457 
016772 	0.579 	0.149 	0.173 	0.457 
016773 	0.578 	0.151 	0.171 	0.457 
016774 	0.576 	0.151 	0.172 	0.460 
016775 	0.576 	0.150 	0.172 	0.460 
016776 	0.577 	0.148 	0.172 	0.463 
016777 	0.578 	0.148 	0.174 	0.458 
016778 	0.578 	0.147 	0.174 	0.452 
016779 	0.578 	0.147 	0.173 	0.440 
016780 	0.576 	0.148 	0.169 	0.444 
016781 	0.580 	0.147 	0.174 	0.441 
016782 	0.584 	0.148 	0.165 	0.444 
016783 	0.583 	0.150 	0.170 	0.436 
016784 	0.585 	0.150 	0.175 	0.439 
016785 	0.586 	0.149 	0.175 	0.441 
016786 	0.588 	0.148 	0.175 	0.439 
016787 	0.588 	0.149 	0.175 	0.442 
016788 	0.590 	0.147 	0.175 	0.453 
016789 	0.591 	0.147 	0.173 	0.452 
016790 	0.591 	0.147 	0.173 	0.452 
016791 	0.593 	0.147 	0.174 	0.447 
016792 	0.593 	0.147 	0.175 	0.434 
016793 	0.594 	0.147 	0.176 	0.434 
016794 	0.595 	0.147 	0.176 	0.432 
016795 	0.595 	0.147 	0.174 	0.437 
016796 	0.596 	0.147 	0.173 	0.438 
016797 	0.596 	0.148 	0.173 	0.434 
016798 	0.595 	0.149 	0.173 	0.434 
016799 	0.596 	0.153 	0.173 	0.437 
016800 	0.596 	0.153 	0.172 	0.439 
016801 	0.597 	0.156 	0.174 	0.436 
016802 	0.595 	0.156 	0.174 	0.435 
016803 	0.594 	0.155 	0.173 	0.439 
016804 	0.593 	0.152 	0.172 	0.440 
016805 	0.588 	0.151 	0.171 	0.445 
016806 	0.585 	0.150 	0.172 	0.450 
016807 	0.583 	0.150 	0.172 	0.447 
016808 	0.581 	0.152 	0.172 	0.438 
016809 	0.579 	0.147 	0.171 	0.441 
016810 	0.579 	0.151 	0.169 	0.449 
016811 	0.578 	0.150 	0.170 	0.452 
016812 	0.578 	0.150 	0.170 	0.458 
016813 	0.578 	0.149 	0.168 	0.459 
016814 	0.577 	0.151 	0.170 	0.455 
016815 	0.577 	0.151 	0.170 	0.455 
016816 	0.572 	0.149 	0.171 	0.450 
016817 	0.572 	0.150 	0.171 	0.443 
016818 	0.571 	0.152 	0.172 	0.439 
016819 	0.573 	0.151 	0.172 	0.435 
016820 	0.576 	0.154 	0.166 	0.446 
016821 	0.573 	0.153 	0.172 	0.434 
016822 	0.572 	0.152 	0.172 	0.440 
016823 	0.576 	0.152 	0.171 	0.453 
016824 	0.576 	0.152 	0.171 	0.450 
016825 	0.576 	0.152 	0.172 	0.448 
016826 	0.576 	0.152 	0.173 	0.450 
016827 	0.576 	0.152 	0.173 	0.449 
016828 	0.575 	0.153 	0.172 	0.451 
016829 	0.575 	0.152 	0.172 	0.451 
016830 	0.574 	0.152 	0.171 	0.452 
016831 	0.574 	0.151 	0.172 	0.455 
016832 	0.573 	0.150 	0.171 	0.457 
016833 	0.574 	0.152 	0.172 	0.457 
016834 	0.574 	0.151 	0.172 	0.461 
016835 	0.574 	0.150 	0.170 	0.460 
016836 	0.576 	0.150 	0.171 	0.456 
016837 	0.574 	0.148 	0.174 	0.449 
016838 	0.573 	0.151 	0.176 	0.443 
016839 	0.573 	0.150 	0.175 	0.440 
016840 	0.573 	0.150 	0.175 	0.440 
016841 	0.574 	0.148 	0.174 	0.449 
016842 	0.575 	0.147 	0.174 	0.450 
016843 	0.569 	0.150 	0.166 	0.443 
016844 	0.569 	0.149 	0.166 	0.441 
016845 	0.570 	0.150 	0.168 	0.440 
016846 	0.570 	0.151 	0.166 	0.441 
016847 	0.574 	0.148 	0.174 	0.457 

WORD START END ASDSCORE
MOST 0.09 0.54 6.3
UNTAPPED 0.54 1.07 10.2
RESOURCE 1.07 1.54 7.6
IN 1.54 1.61 8.4
AMERICAN 1.61 1.98 7.8
DEMOCRACY 1.98 2.65 5.0
IS 3.50 3.64 6.3
THE 3.64 3.74 10.0
VANTAGE 3.74 4.27 10.4
POINT 4.27 4.67 7.4
THAT 4.91 5.07 6.2
IMMIGRANTS 5.07 5.59 5.7
BRING 5.59 5.92 5.7
WE 6.89 7.12 7.3
HAVE 7.12 7.40 7.5
FOUGHT 7.40 8.07 9.2
TO 8.23 8.38 5.2
BE 8.38 8.57 6.3
HERE 8.57 8.92 4.0
WE 9.71 9.86 8.1
HAVE 9.86 10.04 8.1
COME 10.04 10.51 10.2
FOR 10.51 10.70 10.1
ECONOMIC 10.70 11.35 7.6
AND 11.35 11.50 7.3
EDUCATIONAL 11.50 12.06 8.7
OPPORTUNITY 12.06 12.74 5.1
WE 13.24 13.40 6.4
HAVE 13.40 13.64 7.3
COME 13.71 14.14 9.3
FOR 14.14 14.32 8.4
POLITICAL 14.32 14.90 3.7
AND 14.90 15.02 -0.2
RELIGIOUS 15.02 15.48 5.2
FREEDOM 15.48 15.97 4.3
WE 16.58 16.71 7.8
HAVE 16.71 16.86 7.8
COME 16.86 17.19 6.9
IN 17.19 17.35 5.4
THE 17.35 17.41 5.6
PURSUIT 17.41 17.91 7.5
OF 17.91 18.09 6.6
LOVE 18.09 18.47 8.2
THAT 19.95 20.15 -1.4
DEDICATION 20.23 21.22 1.5
THAT 21.83 22.03 1.4
COMMITMENT 22.03 22.67 3.5
TO 22.67 22.78 6.6
AMERICA 22.78 23.48 3.0
WE 24.67 24.89 7.3
ALSO 24.89 25.38 7.6
BRING 25.38 25.77 8.6
TO 25.77 25.90 6.7
PUBLIC 25.90 26.29 5.0
SERVICE 26.29 27.05 4.5
PEOPLE 28.34 28.61 7.5
LIKE 28.61 28.83 6.5
ATHENA 28.83 29.22 5.1
SALMAN 29.22 30.01 8.3
WHO 30.43 30.67 7.8
JUST 30.67 31.05 7.6
LAST 31.05 31.37 8.9
WEEK 31.37 31.66 9.0
WON 31.96 32.65 7.1
THE 33.61 33.72 3.9
PRIMARY 33.72 34.55 7.9
FOR 34.94 35.35 6.7
A 35.35 35.42 3.6
SEAT 35.53 36.04 4.4
IN 36.13 36.28 2.3
THE 36.28 36.37 3.9
ARIZONA 36.37 36.76 8.1
STATE 36.76 37.05 4.8
HOUSE 37.05 37.54 5.7
ATHENA'S 38.33 38.82 6.1
FATHER 38.82 39.11 6.1
GREW 39.11 39.32 4.6
UP 39.32 39.51 5.6
IN 39.51 39.65 5.7
THE 39.65 39.72 5.7
WEST 39.72 40.03 6.4
BANK 40.03 40.40 7.2
AND 40.49 40.66 3.5
MOVED 40.66 40.83 5.0
TO 40.83 40.93 6.0
CHICAGO 40.93 41.61 6.6
WHERE 41.63 41.81 5.0
HE 41.81 41.93 5.2
MET 41.93 42.13 4.5
HER 42.13 42.21 3.6
MOTHER 42.21 42.59 3.9
HER 43.18 43.30 2.9
MOTHER 43.30 43.73 3.7
IS 43.73 43.92 3.8
PART 43.92 44.20 5.1
ITALIAN 44.20 44.92 7.0
PART 45.32 45.57 3.6
MEXICAN 45.57 46.30 5.3
AND 46.30 46.48 3.0
PART 46.48 46.71 6.8
GERMAN 46.71 47.18 5.2
TOGETHER 47.73 48.18 6.5
THEY 48.18 48.33 5.9
MOVED 48.33 48.57 6.0
TO 48.57 48.69 6.7
ARIZONA 48.69 49.19 6.9
AND 49.19 49.49 2.4
BUILT 49.49 49.84 4.3
A 49.84 49.93 6.2
LIFE 49.93 50.34 7.0
ATHENA 50.92 51.43 5.4
WHEN 51.43 51.66 4.7
SHE 51.66 51.89 3.8
GETS 51.89 52.14 4.3
TO 52.14 52.26 5.2
THE 52.26 52.33 4.5
STATEHOUSE 52.33 53.13 7.0
IS 53.79 53.95 7.7
GOING 53.95 54.12 8.7
TO 54.12 54.18 9.0
FIGHT 54.18 54.46 8.7
FOR 54.46 54.56 7.5
THINGS 54.56 54.83 6.3
LIKE 54.83 54.99 6.6
EDUCATION 54.99 55.52 7.1
FUNDING 55.52 55.97 5.6
THAT 56.29 56.47 4.7
