Text:  LEARNED IN 2001 WAS THAT MY VOTE MATTERED BUT THAT MY VOICE AND VANTAGE POINT ALSO MATTERED AND IT'S THESE THREE THINGS IMMIGRANTS' VOTES VOICES AND VANTAGE POINTS THAT I THINK CAN HELP MAKE OUR DEMOCRACY STRONGER 
Conf:  1
Ref:   0d6iSvF1UmA

FRAME 	X 	Y 	W 	H 
010971 	0.410 	0.120 	0.184 	0.477 
010972 	0.402 	0.121 	0.183 	0.463 
010973 	0.396 	0.118 	0.185 	0.461 
010974 	0.389 	0.119 	0.181 	0.458 
010975 	0.381 	0.120 	0.183 	0.454 
010976 	0.376 	0.129 	0.183 	0.450 
010977 	0.371 	0.133 	0.182 	0.461 
010978 	0.364 	0.137 	0.180 	0.460 
010979 	0.361 	0.139 	0.181 	0.462 
010980 	0.357 	0.145 	0.182 	0.459 
010981 	0.353 	0.147 	0.182 	0.466 
010982 	0.351 	0.147 	0.180 	0.470 
010983 	0.349 	0.148 	0.181 	0.471 
010984 	0.347 	0.150 	0.181 	0.468 
010985 	0.348 	0.152 	0.180 	0.468 
010986 	0.347 	0.152 	0.182 	0.470 
010987 	0.347 	0.154 	0.181 	0.469 
010988 	0.349 	0.152 	0.180 	0.471 
010989 	0.347 	0.153 	0.182 	0.470 
010990 	0.347 	0.153 	0.182 	0.470 
010991 	0.347 	0.153 	0.181 	0.472 
010992 	0.348 	0.153 	0.182 	0.469 
010993 	0.350 	0.151 	0.180 	0.463 
010994 	0.351 	0.152 	0.179 	0.465 
010995 	0.352 	0.151 	0.180 	0.464 
010996 	0.352 	0.149 	0.182 	0.459 
010997 	0.351 	0.149 	0.185 	0.462 
010998 	0.352 	0.152 	0.183 	0.459 
010999 	0.353 	0.153 	0.181 	0.467 
011000 	0.354 	0.153 	0.184 	0.474 
011001 	0.358 	0.157 	0.182 	0.470 
011002 	0.360 	0.157 	0.182 	0.463 
011003 	0.363 	0.162 	0.183 	0.459 
011004 	0.366 	0.166 	0.183 	0.452 
011005 	0.368 	0.167 	0.182 	0.453 
011006 	0.369 	0.165 	0.182 	0.460 
011007 	0.372 	0.166 	0.181 	0.465 
011008 	0.374 	0.167 	0.180 	0.470 
011009 	0.374 	0.164 	0.179 	0.477 
011010 	0.375 	0.166 	0.180 	0.471 
011011 	0.375 	0.166 	0.179 	0.464 
011012 	0.375 	0.167 	0.181 	0.460 
011013 	0.376 	0.166 	0.182 	0.458 
011014 	0.377 	0.168 	0.182 	0.455 
011015 	0.377 	0.168 	0.182 	0.455 
011016 	0.379 	0.169 	0.180 	0.451 
011017 	0.382 	0.164 	0.177 	0.460 
011018 	0.383 	0.168 	0.177 	0.461 
011019 	0.386 	0.168 	0.178 	0.461 
011020 	0.388 	0.168 	0.177 	0.460 
011021 	0.390 	0.171 	0.178 	0.457 
011022 	0.390 	0.173 	0.180 	0.452 
011023 	0.388 	0.172 	0.183 	0.453 
011024 	0.389 	0.173 	0.181 	0.454 
011025 	0.390 	0.172 	0.181 	0.464 
011026 	0.392 	0.172 	0.180 	0.454 
011027 	0.391 	0.171 	0.177 	0.455 
011028 	0.392 	0.168 	0.178 	0.460 
011029 	0.389 	0.158 	0.180 	0.471 
011030 	0.389 	0.162 	0.178 	0.458 
011031 	0.388 	0.162 	0.179 	0.451 
011032 	0.387 	0.161 	0.180 	0.450 
011033 	0.388 	0.163 	0.180 	0.450 
011034 	0.387 	0.165 	0.179 	0.452 
011035 	0.387 	0.162 	0.176 	0.472 
011036 	0.387 	0.163 	0.175 	0.470 
011037 	0.386 	0.161 	0.178 	0.461 
011038 	0.386 	0.160 	0.178 	0.454 
011039 	0.384 	0.160 	0.182 	0.451 
011040 	0.384 	0.160 	0.182 	0.451 
011041 	0.383 	0.157 	0.180 	0.456 
011042 	0.384 	0.154 	0.181 	0.461 
011043 	0.384 	0.150 	0.181 	0.477 
011044 	0.383 	0.150 	0.182 	0.479 
011045 	0.383 	0.152 	0.182 	0.464 
011046 	0.382 	0.152 	0.183 	0.457 
011047 	0.382 	0.154 	0.183 	0.451 
011048 	0.381 	0.153 	0.183 	0.451 
011049 	0.382 	0.153 	0.184 	0.452 
011050 	0.382 	0.154 	0.184 	0.450 
011051 	0.383 	0.152 	0.183 	0.451 
011052 	0.383 	0.152 	0.184 	0.455 
011053 	0.383 	0.155 	0.182 	0.455 
011054 	0.383 	0.153 	0.182 	0.462 
011055 	0.383 	0.154 	0.181 	0.460 
011056 	0.384 	0.154 	0.181 	0.459 
011057 	0.384 	0.154 	0.181 	0.460 
011058 	0.384 	0.154 	0.181 	0.460 
011059 	0.383 	0.151 	0.182 	0.465 
011060 	0.384 	0.149 	0.182 	0.462 
011061 	0.383 	0.151 	0.180 	0.459 
011062 	0.382 	0.151 	0.183 	0.462 
011063 	0.381 	0.146 	0.183 	0.471 
011064 	0.380 	0.148 	0.185 	0.461 
011065 	0.380 	0.148 	0.185 	0.461 
011066 	0.380 	0.147 	0.184 	0.457 
011067 	0.379 	0.148 	0.184 	0.456 
011068 	0.379 	0.146 	0.184 	0.462 
011069 	0.379 	0.144 	0.184 	0.461 
011070 	0.379 	0.144 	0.185 	0.458 
011071 	0.378 	0.148 	0.187 	0.452 
011072 	0.378 	0.151 	0.189 	0.448 
011073 	0.379 	0.151 	0.186 	0.453 
011074 	0.379 	0.153 	0.185 	0.465 
011075 	0.380 	0.158 	0.185 	0.467 
011076 	0.381 	0.159 	0.185 	0.468 
011077 	0.380 	0.161 	0.186 	0.465 
011078 	0.381 	0.162 	0.186 	0.464 
011079 	0.381 	0.164 	0.184 	0.456 
011080 	0.380 	0.164 	0.183 	0.457 
011081 	0.379 	0.167 	0.185 	0.457 
011082 	0.379 	0.166 	0.183 	0.458 
011083 	0.377 	0.164 	0.185 	0.460 
011084 	0.377 	0.163 	0.186 	0.463 
011085 	0.375 	0.159 	0.189 	0.466 
011086 	0.374 	0.159 	0.189 	0.456 
011087 	0.373 	0.161 	0.189 	0.455 
011088 	0.373 	0.163 	0.189 	0.452 
011089 	0.374 	0.163 	0.187 	0.464 
011090 	0.374 	0.163 	0.187 	0.464 
011091 	0.373 	0.166 	0.185 	0.473 
011092 	0.373 	0.167 	0.185 	0.470 
011093 	0.372 	0.168 	0.188 	0.463 
011094 	0.370 	0.169 	0.190 	0.459 
011095 	0.369 	0.169 	0.187 	0.462 
011096 	0.368 	0.173 	0.185 	0.462 
011097 	0.367 	0.175 	0.182 	0.466 
011098 	0.368 	0.174 	0.184 	0.463 
011099 	0.368 	0.172 	0.185 	0.462 
011100 	0.368 	0.173 	0.182 	0.466 
011101 	0.369 	0.173 	0.183 	0.462 
011102 	0.371 	0.171 	0.183 	0.465 
011103 	0.369 	0.171 	0.185 	0.467 
011104 	0.369 	0.171 	0.184 	0.466 
011105 	0.370 	0.170 	0.185 	0.461 
011106 	0.370 	0.170 	0.187 	0.462 
011107 	0.370 	0.170 	0.187 	0.460 
011108 	0.372 	0.166 	0.185 	0.466 
011109 	0.374 	0.167 	0.185 	0.466 
011110 	0.375 	0.164 	0.184 	0.466 
011111 	0.379 	0.161 	0.181 	0.462 
011112 	0.383 	0.160 	0.184 	0.457 
011113 	0.386 	0.162 	0.185 	0.443 
011114 	0.390 	0.162 	0.184 	0.438 
011115 	0.390 	0.162 	0.184 	0.438 
011116 	0.395 	0.160 	0.183 	0.443 
011117 	0.399 	0.160 	0.183 	0.444 
011118 	0.403 	0.160 	0.185 	0.442 
011119 	0.406 	0.154 	0.187 	0.450 
011120 	0.409 	0.148 	0.185 	0.459 
011121 	0.412 	0.145 	0.182 	0.457 
011122 	0.413 	0.146 	0.181 	0.456 
011123 	0.415 	0.145 	0.181 	0.459 
011124 	0.414 	0.151 	0.182 	0.454 
011125 	0.416 	0.153 	0.180 	0.456 
011126 	0.417 	0.153 	0.180 	0.465 
011127 	0.418 	0.153 	0.179 	0.480 
011128 	0.418 	0.153 	0.180 	0.480 
011129 	0.417 	0.155 	0.182 	0.465 
011130 	0.416 	0.158 	0.182 	0.456 
011131 	0.417 	0.157 	0.181 	0.455 
011132 	0.416 	0.159 	0.181 	0.455 
011133 	0.417 	0.157 	0.182 	0.458 
011134 	0.417 	0.159 	0.180 	0.456 
011135 	0.417 	0.160 	0.180 	0.453 
011136 	0.417 	0.162 	0.178 	0.451 
011137 	0.415 	0.162 	0.179 	0.452 
011138 	0.414 	0.162 	0.180 	0.451 
011139 	0.415 	0.160 	0.181 	0.455 
011140 	0.415 	0.160 	0.181 	0.455 
011141 	0.415 	0.160 	0.181 	0.457 
011142 	0.416 	0.161 	0.181 	0.457 
011143 	0.414 	0.163 	0.183 	0.453 
011144 	0.412 	0.164 	0.184 	0.453 
011145 	0.413 	0.162 	0.183 	0.457 
011146 	0.413 	0.162 	0.181 	0.457 
011147 	0.413 	0.163 	0.181 	0.455 
011148 	0.412 	0.164 	0.184 	0.455 
011149 	0.410 	0.164 	0.183 	0.455 
011150 	0.410 	0.165 	0.183 	0.453 
011151 	0.411 	0.164 	0.183 	0.454 
011152 	0.410 	0.165 	0.182 	0.454 
011153 	0.410 	0.165 	0.183 	0.455 
011154 	0.411 	0.164 	0.181 	0.457 
011155 	0.413 	0.166 	0.179 	0.457 
011156 	0.414 	0.161 	0.180 	0.461 
011157 	0.413 	0.165 	0.180 	0.465 
011158 	0.412 	0.164 	0.182 	0.473 
011159 	0.412 	0.162 	0.183 	0.476 
011160 	0.411 	0.161 	0.182 	0.480 
011161 	0.411 	0.161 	0.182 	0.481 
011162 	0.412 	0.160 	0.181 	0.481 
011163 	0.413 	0.157 	0.182 	0.484 
011164 	0.414 	0.158 	0.179 	0.480 
011165 	0.414 	0.158 	0.179 	0.480 
011166 	0.416 	0.154 	0.176 	0.481 
011167 	0.416 	0.154 	0.178 	0.483 
011168 	0.416 	0.152 	0.179 	0.488 
011169 	0.417 	0.149 	0.179 	0.486 
011170 	0.419 	0.146 	0.176 	0.483 
011171 	0.421 	0.145 	0.176 	0.472 
011172 	0.424 	0.143 	0.177 	0.467 
011173 	0.426 	0.143 	0.179 	0.467 
011174 	0.428 	0.145 	0.178 	0.464 
011175 	0.430 	0.143 	0.177 	0.460 
011176 	0.431 	0.141 	0.178 	0.458 
011177 	0.433 	0.140 	0.176 	0.458 
011178 	0.435 	0.139 	0.176 	0.459 
011179 	0.437 	0.138 	0.177 	0.461 
011180 	0.438 	0.139 	0.176 	0.462 
011181 	0.439 	0.139 	0.177 	0.461 
011182 	0.440 	0.138 	0.176 	0.461 
011183 	0.441 	0.139 	0.175 	0.458 
011184 	0.442 	0.137 	0.175 	0.460 
011185 	0.444 	0.135 	0.173 	0.458 
011186 	0.446 	0.134 	0.175 	0.465 
011187 	0.448 	0.132 	0.176 	0.472 
011188 	0.444 	0.141 	0.180 	0.467 
011189 	0.445 	0.145 	0.183 	0.465 
011190 	0.445 	0.145 	0.183 	0.465 
011191 	0.449 	0.145 	0.185 	0.461 
011192 	0.451 	0.150 	0.186 	0.459 
011193 	0.457 	0.151 	0.184 	0.464 
011194 	0.465 	0.154 	0.181 	0.470 
011195 	0.473 	0.155 	0.181 	0.469 
011196 	0.479 	0.159 	0.180 	0.462 
011197 	0.485 	0.159 	0.180 	0.461 
011198 	0.491 	0.164 	0.180 	0.452 
011199 	0.495 	0.169 	0.184 	0.444 
011200 	0.503 	0.169 	0.182 	0.445 
011201 	0.511 	0.171 	0.183 	0.441 
011202 	0.516 	0.170 	0.181 	0.442 
011203 	0.523 	0.169 	0.182 	0.443 
011204 	0.530 	0.166 	0.181 	0.446 
011205 	0.536 	0.162 	0.180 	0.455 
011206 	0.541 	0.156 	0.177 	0.462 
011207 	0.544 	0.151 	0.178 	0.471 
011208 	0.545 	0.150 	0.179 	0.473 
011209 	0.548 	0.148 	0.179 	0.476 
011210 	0.551 	0.145 	0.182 	0.480 
011211 	0.551 	0.150 	0.181 	0.476 
011212 	0.558 	0.148 	0.179 	0.466 
011213 	0.561 	0.148 	0.177 	0.469 
011214 	0.562 	0.148 	0.177 	0.471 
011215 	0.562 	0.148 	0.177 	0.471 
011216 	0.565 	0.150 	0.177 	0.466 
011217 	0.567 	0.153 	0.176 	0.460 
011218 	0.570 	0.155 	0.178 	0.459 
011219 	0.571 	0.158 	0.177 	0.459 
011220 	0.574 	0.162 	0.180 	0.454 
011221 	0.578 	0.162 	0.178 	0.457 
011222 	0.578 	0.163 	0.180 	0.456 
011223 	0.580 	0.163 	0.180 	0.453 
011224 	0.583 	0.162 	0.181 	0.452 
011225 	0.586 	0.165 	0.181 	0.449 
011226 	0.587 	0.163 	0.179 	0.451 
011227 	0.590 	0.164 	0.179 	0.463 
011228 	0.594 	0.165 	0.179 	0.460 
011229 	0.599 	0.167 	0.181 	0.453 
011230 	0.600 	0.167 	0.182 	0.453 
011231 	0.604 	0.167 	0.182 	0.451 
011232 	0.608 	0.169 	0.182 	0.450 
011233 	0.611 	0.171 	0.184 	0.448 
011234 	0.616 	0.173 	0.183 	0.445 
011235 	0.621 	0.173 	0.183 	0.446 
011236 	0.625 	0.169 	0.183 	0.453 
011237 	0.628 	0.165 	0.181 	0.459 
011238 	0.632 	0.164 	0.182 	0.454 
011239 	0.632 	0.162 	0.185 	0.452 
011240 	0.632 	0.162 	0.185 	0.452 
011241 	0.633 	0.162 	0.186 	0.453 
011242 	0.637 	0.162 	0.184 	0.453 
011243 	0.639 	0.162 	0.183 	0.455 
011244 	0.639 	0.160 	0.181 	0.468 
011245 	0.642 	0.163 	0.180 	0.473 
011246 	0.643 	0.162 	0.180 	0.477 
011247 	0.644 	0.166 	0.180 	0.471 
011248 	0.644 	0.165 	0.180 	0.470 
011249 	0.645 	0.164 	0.180 	0.472 
011250 	0.645 	0.164 	0.180 	0.474 
011251 	0.648 	0.161 	0.179 	0.472 
011252 	0.647 	0.160 	0.180 	0.472 
011253 	0.647 	0.158 	0.178 	0.475 
011254 	0.649 	0.157 	0.177 	0.474 
011255 	0.651 	0.156 	0.175 	0.479 
011256 	0.652 	0.151 	0.177 	0.482 
011257 	0.653 	0.150 	0.179 	0.478 
011258 	0.652 	0.151 	0.177 	0.469 
011259 	0.652 	0.151 	0.179 	0.468 
011260 	0.653 	0.153 	0.179 	0.470 
011261 	0.655 	0.151 	0.174 	0.479 
011262 	0.656 	0.150 	0.175 	0.486 
011263 	0.657 	0.149 	0.175 	0.481 
011264 	0.656 	0.149 	0.178 	0.476 
011265 	0.656 	0.149 	0.178 	0.476 
011266 	0.653 	0.150 	0.178 	0.474 
011267 	0.654 	0.149 	0.177 	0.478 
011268 	0.654 	0.146 	0.172 	0.477 
011269 	0.652 	0.143 	0.174 	0.475 
011270 	0.652 	0.143 	0.174 	0.478 
011271 	0.651 	0.141 	0.173 	0.484 
011272 	0.651 	0.142 	0.173 	0.484 
011273 	0.650 	0.139 	0.174 	0.482 
011274 	0.648 	0.137 	0.174 	0.488 
011275 	0.648 	0.137 	0.176 	0.484 
011276 	0.647 	0.138 	0.174 	0.484 
011277 	0.645 	0.138 	0.175 	0.480 
011278 	0.644 	0.138 	0.176 	0.474 
011279 	0.645 	0.140 	0.180 	0.471 
011280 	0.645 	0.139 	0.179 	0.471 
011281 	0.645 	0.141 	0.178 	0.476 
011282 	0.645 	0.140 	0.177 	0.482 
011283 	0.646 	0.137 	0.178 	0.487 
011284 	0.645 	0.137 	0.179 	0.487 
011285 	0.645 	0.138 	0.181 	0.487 
011286 	0.644 	0.136 	0.180 	0.488 
011287 	0.644 	0.134 	0.180 	0.478 
011288 	0.644 	0.136 	0.181 	0.473 
011289 	0.645 	0.134 	0.182 	0.481 
011290 	0.645 	0.134 	0.182 	0.481 
011291 	0.647 	0.138 	0.181 	0.483 
011292 	0.649 	0.141 	0.180 	0.486 
011293 	0.649 	0.140 	0.183 	0.493 
011294 	0.651 	0.140 	0.181 	0.492 
011295 	0.651 	0.138 	0.181 	0.491 
011296 	0.651 	0.138 	0.182 	0.484 
011297 	0.650 	0.137 	0.184 	0.474 
011298 	0.650 	0.138 	0.183 	0.472 
011299 	0.651 	0.142 	0.180 	0.468 
011300 	0.651 	0.142 	0.181 	0.468 
011301 	0.652 	0.143 	0.180 	0.471 
011302 	0.652 	0.139 	0.178 	0.477 
011303 	0.652 	0.138 	0.180 	0.479 
011304 	0.653 	0.137 	0.181 	0.477 
011305 	0.652 	0.138 	0.178 	0.477 
011306 	0.652 	0.136 	0.179 	0.477 
011307 	0.652 	0.137 	0.178 	0.478 
011308 	0.651 	0.138 	0.177 	0.477 
011309 	0.648 	0.142 	0.180 	0.474 
011310 	0.647 	0.139 	0.180 	0.490 
011311 	0.647 	0.144 	0.178 	0.486 
011312 	0.645 	0.146 	0.179 	0.483 
011313 	0.642 	0.148 	0.180 	0.475 
011314 	0.642 	0.145 	0.178 	0.476 
011315 	0.642 	0.145 	0.178 	0.476 
011316 	0.642 	0.142 	0.179 	0.479 
011317 	0.639 	0.142 	0.183 	0.474 
011318 	0.640 	0.140 	0.180 	0.476 
011319 	0.639 	0.140 	0.182 	0.477 
011320 	0.639 	0.141 	0.179 	0.485 
011321 	0.638 	0.140 	0.177 	0.490 
011322 	0.638 	0.141 	0.176 	0.489 
011323 	0.639 	0.140 	0.177 	0.485 
011324 	0.639 	0.142 	0.179 	0.484 
011325 	0.640 	0.143 	0.182 	0.482 
011326 	0.641 	0.137 	0.181 	0.493 
011327 	0.642 	0.135 	0.182 	0.489 
011328 	0.644 	0.138 	0.184 	0.479 
011329 	0.646 	0.139 	0.179 	0.476 
011330 	0.649 	0.141 	0.182 	0.476 
011331 	0.652 	0.143 	0.184 	0.475 
011332 	0.656 	0.144 	0.181 	0.480 
011333 	0.660 	0.143 	0.179 	0.483 
011334 	0.654 	0.149 	0.184 	0.493 
011335 	0.655 	0.150 	0.184 	0.493 
011336 	0.655 	0.152 	0.185 	0.482 
011337 	0.655 	0.154 	0.186 	0.477 
011338 	0.655 	0.153 	0.186 	0.477 
011339 	0.655 	0.151 	0.185 	0.481 
011340 	0.655 	0.151 	0.185 	0.481 
011341 	0.655 	0.151 	0.185 	0.481 
011342 	0.654 	0.147 	0.184 	0.486 
011343 	0.654 	0.146 	0.184 	0.485 
011344 	0.654 	0.143 	0.183 	0.486 
011345 	0.654 	0.145 	0.183 	0.481 
011346 	0.657 	0.138 	0.183 	0.489 
011347 	0.658 	0.139 	0.181 	0.488 
011348 	0.658 	0.139 	0.180 	0.484 
011349 	0.657 	0.143 	0.181 	0.484 
011350 	0.656 	0.142 	0.181 	0.484 
011351 	0.656 	0.139 	0.182 	0.489 
011352 	0.655 	0.141 	0.183 	0.482 
011353 	0.655 	0.140 	0.184 	0.479 
011354 	0.655 	0.141 	0.184 	0.474 
011355 	0.655 	0.141 	0.183 	0.475 
011356 	0.654 	0.140 	0.183 	0.477 
011357 	0.654 	0.141 	0.182 	0.477 
011358 	0.653 	0.140 	0.184 	0.476 
011359 	0.653 	0.142 	0.182 	0.472 
011360 	0.652 	0.141 	0.183 	0.474 
011361 	0.652 	0.141 	0.184 	0.475 
011362 	0.652 	0.142 	0.183 	0.474 
011363 	0.652 	0.143 	0.183 	0.474 

WORD START END ASDSCORE
LEARNED 0.09 0.46 5.3
IN 0.75 0.89 6.3
2001 0.89 1.90 9.6
WAS 1.90 2.08 7.6
THAT 2.08 2.22 8.5
MY 2.22 2.39 10.0
VOTE 2.39 2.74 10.3
MATTERED 2.74 3.23 9.4
BUT 3.47 3.63 6.7
THAT 3.63 3.80 7.3
MY 3.80 3.95 7.4
VOICE 3.95 4.51 8.6
AND 4.51 4.68 7.5
VANTAGE 4.68 5.11 7.5
POINT 5.11 5.45 7.6
ALSO 5.52 6.07 6.9
MATTERED 6.07 6.64 6.9
AND 7.91 8.06 7.2
IT'S 8.06 8.26 7.4
THESE 8.29 8.54 7.4
THREE 8.54 8.72 7.4
THINGS 8.72 9.39 6.6
IMMIGRANTS' 9.52 10.11 5.9
VOTES 10.11 10.63 7.4
VOICES 10.78 11.39 8.0
AND 11.39 11.54 8.9
VANTAGE 11.54 11.95 9.6
POINTS 11.95 12.44 10.0
THAT 12.70 12.83 7.1
I 12.83 13.04 7.5
THINK 13.04 13.42 6.0
CAN 13.42 13.57 4.6
HELP 13.57 13.87 5.0
MAKE 13.87 14.14 5.5
OUR 14.17 14.35 7.0
DEMOCRACY 14.35 14.94 8.0
STRONGER 14.94 15.60 7.5
