Text:  VOTES VOICES AND VANTAGE POINTS ARE WHAT WE ALL NEED TO WORK TO INCLUDE IN AMERICAN DEMOCRACY IT'S NOT JUST MY WORK IT'S ALSO YOURS AND IT'S NOT GOING TO BE EASY WE NEVER KNOW WHAT PUTTING A NEW FACTOR INTO AN EQUATION WILL DO AND IT'S A LITTLE SCARY YOU'RE SCARED THAT I'M GOING TO TAKE AWAY YOUR PLACE AT THE TABLE AND I'M SCARED THAT I'M NEVER GOING TO GET A PLACE AT THE TABLE 
Conf:  4
Ref:   0d6iSvF1UmA

FRAME 	X 	Y 	W 	H 
017087 	0.767 	0.119 	0.076 	0.181 
017088 	0.768 	0.120 	0.075 	0.182 
017089 	0.770 	0.122 	0.074 	0.185 
017090 	0.770 	0.122 	0.074 	0.185 
017091 	0.770 	0.118 	0.075 	0.199 
017092 	0.770 	0.119 	0.074 	0.198 
017093 	0.771 	0.120 	0.074 	0.196 
017094 	0.773 	0.121 	0.074 	0.193 
017095 	0.773 	0.123 	0.074 	0.192 
017096 	0.773 	0.123 	0.075 	0.192 
017097 	0.773 	0.124 	0.075 	0.190 
017098 	0.775 	0.124 	0.075 	0.192 
017099 	0.774 	0.124 	0.077 	0.190 
017100 	0.774 	0.123 	0.077 	0.190 
017101 	0.774 	0.123 	0.078 	0.190 
017102 	0.774 	0.121 	0.077 	0.193 
017103 	0.773 	0.121 	0.076 	0.199 
017104 	0.772 	0.122 	0.077 	0.198 
017105 	0.770 	0.121 	0.078 	0.197 
017106 	0.770 	0.121 	0.078 	0.194 
017107 	0.767 	0.120 	0.079 	0.192 
017108 	0.766 	0.119 	0.079 	0.193 
017109 	0.765 	0.120 	0.080 	0.192 
017110 	0.765 	0.119 	0.081 	0.191 
017111 	0.764 	0.120 	0.081 	0.190 
017112 	0.764 	0.120 	0.081 	0.191 
017113 	0.764 	0.119 	0.080 	0.196 
017114 	0.764 	0.119 	0.079 	0.195 
017115 	0.764 	0.119 	0.079 	0.195 
017116 	0.763 	0.118 	0.080 	0.194 
017117 	0.763 	0.119 	0.079 	0.192 
017118 	0.762 	0.122 	0.080 	0.192 
017119 	0.762 	0.123 	0.079 	0.194 
017120 	0.763 	0.125 	0.077 	0.196 
017121 	0.763 	0.127 	0.076 	0.195 
017122 	0.761 	0.127 	0.076 	0.194 
017123 	0.761 	0.127 	0.075 	0.193 
017124 	0.760 	0.127 	0.076 	0.193 
017125 	0.760 	0.127 	0.075 	0.193 
017126 	0.760 	0.126 	0.074 	0.195 
017127 	0.758 	0.125 	0.075 	0.196 
017128 	0.758 	0.125 	0.074 	0.195 
017129 	0.758 	0.123 	0.074 	0.197 
017130 	0.757 	0.122 	0.073 	0.201 
017131 	0.756 	0.122 	0.075 	0.202 
017132 	0.755 	0.122 	0.075 	0.202 
017133 	0.754 	0.122 	0.074 	0.201 
017134 	0.752 	0.122 	0.075 	0.201 
017135 	0.750 	0.121 	0.075 	0.202 
017136 	0.748 	0.120 	0.076 	0.201 
017137 	0.747 	0.121 	0.076 	0.199 
017138 	0.745 	0.120 	0.077 	0.198 
017139 	0.743 	0.119 	0.078 	0.199 
017140 	0.743 	0.119 	0.078 	0.199 
017141 	0.742 	0.120 	0.076 	0.196 
017142 	0.739 	0.122 	0.077 	0.194 
017143 	0.738 	0.119 	0.078 	0.196 
017144 	0.737 	0.119 	0.078 	0.195 
017145 	0.736 	0.120 	0.077 	0.195 
017146 	0.733 	0.123 	0.077 	0.196 
017147 	0.732 	0.120 	0.075 	0.199 
017148 	0.730 	0.119 	0.076 	0.200 
017149 	0.729 	0.119 	0.076 	0.201 
017150 	0.728 	0.121 	0.077 	0.198 
017151 	0.727 	0.122 	0.076 	0.198 
017152 	0.726 	0.121 	0.076 	0.199 
017153 	0.725 	0.120 	0.076 	0.201 
017154 	0.724 	0.120 	0.076 	0.202 
017155 	0.723 	0.120 	0.075 	0.201 
017156 	0.722 	0.120 	0.075 	0.202 
017157 	0.721 	0.120 	0.075 	0.201 
017158 	0.719 	0.119 	0.075 	0.201 
017159 	0.719 	0.117 	0.075 	0.202 
017160 	0.717 	0.116 	0.076 	0.202 
017161 	0.716 	0.116 	0.076 	0.200 
017162 	0.714 	0.115 	0.077 	0.199 
017163 	0.714 	0.114 	0.075 	0.196 
017164 	0.713 	0.114 	0.075 	0.193 
017165 	0.713 	0.114 	0.075 	0.193 
017166 	0.711 	0.113 	0.075 	0.190 
017167 	0.710 	0.114 	0.072 	0.188 
017168 	0.708 	0.114 	0.074 	0.191 
017169 	0.706 	0.114 	0.074 	0.192 
017170 	0.705 	0.115 	0.072 	0.188 
017171 	0.704 	0.115 	0.072 	0.189 
017172 	0.702 	0.113 	0.072 	0.190 
017173 	0.700 	0.112 	0.073 	0.192 
017174 	0.698 	0.113 	0.074 	0.192 
017175 	0.697 	0.114 	0.075 	0.192 
017176 	0.696 	0.115 	0.074 	0.192 
017177 	0.696 	0.117 	0.073 	0.190 
017178 	0.695 	0.119 	0.073 	0.188 
017179 	0.694 	0.119 	0.073 	0.189 
017180 	0.692 	0.118 	0.075 	0.191 
017181 	0.691 	0.119 	0.075 	0.191 
017182 	0.690 	0.118 	0.075 	0.190 
017183 	0.689 	0.118 	0.075 	0.192 
017184 	0.688 	0.118 	0.076 	0.193 
017185 	0.688 	0.119 	0.077 	0.192 
017186 	0.687 	0.119 	0.077 	0.188 
017187 	0.687 	0.119 	0.077 	0.184 
017188 	0.687 	0.119 	0.076 	0.184 
017189 	0.686 	0.118 	0.075 	0.185 
017190 	0.686 	0.118 	0.075 	0.185 
017191 	0.685 	0.118 	0.075 	0.180 
017192 	0.684 	0.119 	0.075 	0.179 
017193 	0.685 	0.120 	0.074 	0.181 
017194 	0.684 	0.119 	0.074 	0.183 
017195 	0.683 	0.120 	0.075 	0.186 
017196 	0.679 	0.121 	0.077 	0.192 
017197 	0.681 	0.123 	0.076 	0.187 
017198 	0.680 	0.120 	0.076 	0.193 
017199 	0.679 	0.121 	0.077 	0.192 
017200 	0.679 	0.122 	0.077 	0.189 
017201 	0.679 	0.120 	0.078 	0.190 
017202 	0.678 	0.120 	0.077 	0.189 
017203 	0.678 	0.121 	0.077 	0.185 
017204 	0.677 	0.120 	0.075 	0.187 
017205 	0.677 	0.119 	0.074 	0.187 
017206 	0.676 	0.118 	0.074 	0.188 
017207 	0.676 	0.118 	0.073 	0.187 
017208 	0.675 	0.118 	0.074 	0.188 
017209 	0.674 	0.119 	0.074 	0.188 
017210 	0.675 	0.119 	0.074 	0.189 
017211 	0.675 	0.119 	0.073 	0.188 
017212 	0.675 	0.119 	0.074 	0.188 
017213 	0.675 	0.119 	0.074 	0.186 
017214 	0.676 	0.119 	0.073 	0.186 
017215 	0.676 	0.119 	0.073 	0.186 
017216 	0.676 	0.119 	0.073 	0.187 
017217 	0.676 	0.118 	0.073 	0.187 
017218 	0.676 	0.118 	0.073 	0.191 
017219 	0.676 	0.118 	0.074 	0.191 
017220 	0.676 	0.119 	0.074 	0.192 
017221 	0.677 	0.121 	0.074 	0.190 
017222 	0.677 	0.122 	0.073 	0.188 
017223 	0.677 	0.121 	0.074 	0.193 
017224 	0.677 	0.121 	0.074 	0.196 
017225 	0.677 	0.121 	0.074 	0.195 
017226 	0.678 	0.121 	0.074 	0.195 
017227 	0.677 	0.118 	0.075 	0.201 
017228 	0.677 	0.118 	0.075 	0.199 
017229 	0.678 	0.118 	0.075 	0.198 
017230 	0.678 	0.119 	0.076 	0.196 
017231 	0.679 	0.119 	0.075 	0.196 
017232 	0.679 	0.118 	0.074 	0.195 
017233 	0.679 	0.119 	0.074 	0.195 
017234 	0.680 	0.119 	0.073 	0.196 
017235 	0.680 	0.121 	0.074 	0.196 
017236 	0.679 	0.119 	0.074 	0.200 
017237 	0.680 	0.119 	0.075 	0.197 
017238 	0.679 	0.119 	0.076 	0.195 
017239 	0.680 	0.119 	0.076 	0.193 
017240 	0.680 	0.119 	0.076 	0.193 
017241 	0.681 	0.119 	0.076 	0.193 
017242 	0.680 	0.121 	0.076 	0.193 
017243 	0.680 	0.121 	0.076 	0.192 
017244 	0.680 	0.120 	0.077 	0.193 
017245 	0.683 	0.119 	0.076 	0.189 
017246 	0.683 	0.118 	0.076 	0.190 
017247 	0.683 	0.117 	0.077 	0.192 
017248 	0.683 	0.117 	0.076 	0.191 
017249 	0.683 	0.117 	0.076 	0.192 
017250 	0.683 	0.117 	0.076 	0.192 
017251 	0.684 	0.117 	0.077 	0.193 
017252 	0.684 	0.117 	0.076 	0.193 
017253 	0.684 	0.116 	0.077 	0.196 
017254 	0.683 	0.117 	0.077 	0.197 
017255 	0.683 	0.116 	0.076 	0.199 
017256 	0.683 	0.117 	0.077 	0.198 
017257 	0.682 	0.115 	0.078 	0.200 
017258 	0.683 	0.115 	0.078 	0.200 
017259 	0.684 	0.116 	0.077 	0.194 
017260 	0.686 	0.115 	0.077 	0.189 
017261 	0.687 	0.116 	0.078 	0.190 
017262 	0.688 	0.116 	0.079 	0.189 
017263 	0.690 	0.116 	0.076 	0.190 
017264 	0.692 	0.116 	0.076 	0.192 
017265 	0.692 	0.116 	0.076 	0.192 
017266 	0.693 	0.117 	0.076 	0.189 
017267 	0.695 	0.118 	0.075 	0.182 
017268 	0.697 	0.119 	0.073 	0.181 
017269 	0.698 	0.120 	0.073 	0.180 
017270 	0.698 	0.121 	0.073 	0.179 
017271 	0.698 	0.122 	0.074 	0.180 
017272 	0.698 	0.123 	0.073 	0.181 
017273 	0.697 	0.122 	0.073 	0.180 
017274 	0.696 	0.122 	0.073 	0.184 
017275 	0.696 	0.123 	0.074 	0.192 
017276 	0.696 	0.123 	0.075 	0.195 
017277 	0.696 	0.124 	0.075 	0.193 
017278 	0.695 	0.125 	0.075 	0.187 
017279 	0.695 	0.118 	0.073 	0.195 
017280 	0.694 	0.125 	0.074 	0.181 
017281 	0.694 	0.119 	0.074 	0.193 
017282 	0.693 	0.119 	0.075 	0.196 
017283 	0.693 	0.118 	0.075 	0.197 
017284 	0.693 	0.119 	0.075 	0.196 
017285 	0.692 	0.119 	0.075 	0.197 
017286 	0.693 	0.119 	0.074 	0.196 
017287 	0.693 	0.118 	0.075 	0.199 
017288 	0.693 	0.119 	0.075 	0.197 
017289 	0.693 	0.119 	0.075 	0.198 
017290 	0.693 	0.119 	0.075 	0.198 
017291 	0.693 	0.118 	0.074 	0.200 
017292 	0.692 	0.119 	0.074 	0.200 
017293 	0.691 	0.117 	0.076 	0.195 
017294 	0.691 	0.119 	0.075 	0.187 
017295 	0.691 	0.115 	0.076 	0.194 
017296 	0.692 	0.116 	0.074 	0.196 
017297 	0.691 	0.118 	0.075 	0.196 
017298 	0.692 	0.119 	0.073 	0.194 
017299 	0.693 	0.119 	0.073 	0.191 
017300 	0.693 	0.122 	0.073 	0.180 
017301 	0.692 	0.120 	0.074 	0.180 
017302 	0.692 	0.118 	0.074 	0.182 
017303 	0.691 	0.118 	0.073 	0.181 
017304 	0.690 	0.118 	0.073 	0.183 
017305 	0.689 	0.118 	0.074 	0.184 
017306 	0.688 	0.118 	0.074 	0.183 
017307 	0.688 	0.119 	0.074 	0.183 
017308 	0.687 	0.118 	0.075 	0.192 
017309 	0.686 	0.119 	0.075 	0.185 
017310 	0.686 	0.119 	0.075 	0.185 
017311 	0.686 	0.118 	0.075 	0.187 
017312 	0.686 	0.118 	0.076 	0.188 
017313 	0.686 	0.117 	0.076 	0.188 
017314 	0.686 	0.117 	0.076 	0.188 
017315 	0.686 	0.117 	0.076 	0.188 
017316 	0.686 	0.117 	0.075 	0.187 
017317 	0.687 	0.118 	0.075 	0.185 
017318 	0.686 	0.117 	0.076 	0.186 
017319 	0.686 	0.117 	0.076 	0.185 
017320 	0.686 	0.117 	0.076 	0.186 
017321 	0.686 	0.118 	0.076 	0.185 
017322 	0.686 	0.117 	0.076 	0.186 
017323 	0.686 	0.118 	0.075 	0.185 
017324 	0.685 	0.117 	0.077 	0.187 
017325 	0.685 	0.116 	0.078 	0.190 
017326 	0.685 	0.116 	0.078 	0.190 
017327 	0.685 	0.117 	0.078 	0.189 
017328 	0.686 	0.118 	0.077 	0.189 
017329 	0.686 	0.118 	0.077 	0.187 
017330 	0.685 	0.118 	0.077 	0.188 
017331 	0.685 	0.118 	0.077 	0.188 
017332 	0.686 	0.118 	0.076 	0.189 
017333 	0.686 	0.117 	0.077 	0.189 
017334 	0.686 	0.117 	0.076 	0.190 
017335 	0.686 	0.118 	0.076 	0.190 
017336 	0.685 	0.117 	0.077 	0.192 
017337 	0.685 	0.116 	0.077 	0.192 
017338 	0.685 	0.115 	0.077 	0.193 
017339 	0.684 	0.116 	0.076 	0.191 
017340 	0.684 	0.116 	0.076 	0.191 
017341 	0.683 	0.116 	0.076 	0.189 
017342 	0.680 	0.116 	0.075 	0.192 
017343 	0.678 	0.116 	0.075 	0.193 
017344 	0.679 	0.116 	0.074 	0.193 
017345 	0.679 	0.115 	0.075 	0.192 
017346 	0.681 	0.114 	0.075 	0.187 
017347 	0.683 	0.112 	0.078 	0.186 
017348 	0.684 	0.111 	0.077 	0.188 
017349 	0.684 	0.110 	0.077 	0.187 
017350 	0.685 	0.110 	0.076 	0.188 
017351 	0.686 	0.109 	0.075 	0.191 
017352 	0.687 	0.107 	0.075 	0.198 
017353 	0.690 	0.108 	0.074 	0.197 
017354 	0.691 	0.107 	0.075 	0.198 
017355 	0.693 	0.107 	0.076 	0.196 
017356 	0.694 	0.109 	0.075 	0.195 
017357 	0.696 	0.110 	0.075 	0.191 
017358 	0.698 	0.111 	0.073 	0.189 
017359 	0.699 	0.113 	0.073 	0.188 
017360 	0.700 	0.113 	0.073 	0.190 
017361 	0.701 	0.114 	0.073 	0.192 
017362 	0.702 	0.115 	0.073 	0.191 
017363 	0.703 	0.116 	0.073 	0.192 
017364 	0.705 	0.116 	0.073 	0.194 
017365 	0.705 	0.116 	0.073 	0.194 
017366 	0.706 	0.117 	0.073 	0.192 
017367 	0.707 	0.119 	0.075 	0.190 
017368 	0.708 	0.120 	0.076 	0.192 
017369 	0.710 	0.122 	0.078 	0.191 
017370 	0.711 	0.120 	0.076 	0.189 
017371 	0.712 	0.120 	0.076 	0.190 
017372 	0.713 	0.120 	0.076 	0.192 
017373 	0.713 	0.120 	0.076 	0.193 
017374 	0.714 	0.120 	0.076 	0.192 
017375 	0.715 	0.119 	0.076 	0.194 
017376 	0.714 	0.119 	0.076 	0.194 
017377 	0.715 	0.120 	0.076 	0.192 
017378 	0.716 	0.121 	0.075 	0.192 
017379 	0.716 	0.120 	0.075 	0.192 
017380 	0.716 	0.120 	0.075 	0.193 
017381 	0.716 	0.121 	0.075 	0.192 
017382 	0.716 	0.120 	0.075 	0.192 
017383 	0.715 	0.120 	0.076 	0.191 
017384 	0.715 	0.119 	0.076 	0.194 
017385 	0.714 	0.118 	0.077 	0.194 
017386 	0.714 	0.119 	0.075 	0.190 
017387 	0.713 	0.118 	0.075 	0.190 
017388 	0.712 	0.116 	0.075 	0.191 
017389 	0.712 	0.116 	0.075 	0.188 
017390 	0.712 	0.116 	0.075 	0.188 
017391 	0.713 	0.111 	0.076 	0.191 
017392 	0.713 	0.109 	0.076 	0.194 
017393 	0.713 	0.107 	0.077 	0.197 
017394 	0.712 	0.106 	0.078 	0.197 
017395 	0.711 	0.107 	0.078 	0.196 
017396 	0.710 	0.107 	0.079 	0.191 
017397 	0.710 	0.108 	0.077 	0.183 
017398 	0.709 	0.108 	0.078 	0.182 
017399 	0.709 	0.110 	0.078 	0.182 
017400 	0.708 	0.112 	0.077 	0.182 
017401 	0.708 	0.113 	0.076 	0.184 
017402 	0.707 	0.113 	0.075 	0.184 
017403 	0.707 	0.116 	0.075 	0.184 
017404 	0.707 	0.117 	0.073 	0.184 
017405 	0.704 	0.117 	0.073 	0.186 
017406 	0.703 	0.118 	0.073 	0.183 
017407 	0.702 	0.117 	0.073 	0.181 
017408 	0.701 	0.119 	0.072 	0.181 
017409 	0.699 	0.118 	0.072 	0.181 
017410 	0.698 	0.118 	0.072 	0.182 
017411 	0.696 	0.118 	0.073 	0.181 
017412 	0.694 	0.118 	0.074 	0.182 
017413 	0.692 	0.118 	0.075 	0.184 
017414 	0.691 	0.117 	0.075 	0.185 
017415 	0.691 	0.117 	0.075 	0.185 
017416 	0.691 	0.117 	0.074 	0.185 
017417 	0.689 	0.117 	0.075 	0.187 
017418 	0.688 	0.118 	0.076 	0.187 
017419 	0.688 	0.118 	0.075 	0.187 
017420 	0.687 	0.118 	0.075 	0.187 
017421 	0.686 	0.118 	0.075 	0.186 
017422 	0.686 	0.118 	0.075 	0.185 
017423 	0.685 	0.118 	0.075 	0.185 
017424 	0.684 	0.119 	0.075 	0.185 
017425 	0.685 	0.119 	0.074 	0.183 
017426 	0.684 	0.119 	0.074 	0.183 
017427 	0.684 	0.118 	0.075 	0.184 
017428 	0.684 	0.119 	0.074 	0.183 
017429 	0.683 	0.118 	0.075 	0.186 
017430 	0.682 	0.117 	0.076 	0.186 
017431 	0.682 	0.116 	0.076 	0.185 
017432 	0.682 	0.116 	0.077 	0.186 
017433 	0.683 	0.116 	0.076 	0.188 
017434 	0.683 	0.118 	0.076 	0.187 
017435 	0.684 	0.118 	0.075 	0.183 
017436 	0.684 	0.120 	0.074 	0.179 
017437 	0.684 	0.120 	0.074 	0.181 
017438 	0.684 	0.119 	0.075 	0.185 
017439 	0.684 	0.117 	0.075 	0.188 
017440 	0.684 	0.117 	0.075 	0.188 
017441 	0.684 	0.117 	0.076 	0.190 
017442 	0.683 	0.118 	0.077 	0.190 
017443 	0.683 	0.117 	0.077 	0.191 
017444 	0.683 	0.117 	0.076 	0.189 
017445 	0.684 	0.118 	0.076 	0.187 
017446 	0.683 	0.117 	0.076 	0.188 
017447 	0.683 	0.117 	0.076 	0.188 
017448 	0.684 	0.118 	0.075 	0.185 
017449 	0.683 	0.117 	0.075 	0.185 
017450 	0.683 	0.118 	0.075 	0.184 
017451 	0.684 	0.118 	0.075 	0.184 
017452 	0.684 	0.118 	0.075 	0.182 
017453 	0.684 	0.116 	0.076 	0.183 
017454 	0.684 	0.117 	0.075 	0.183 
017455 	0.684 	0.117 	0.076 	0.182 
017456 	0.685 	0.117 	0.076 	0.187 
017457 	0.684 	0.115 	0.077 	0.195 
017458 	0.685 	0.115 	0.076 	0.195 
017459 	0.685 	0.117 	0.076 	0.192 
017460 	0.686 	0.117 	0.076 	0.188 
017461 	0.687 	0.117 	0.075 	0.188 
017462 	0.687 	0.116 	0.075 	0.189 
017463 	0.688 	0.117 	0.075 	0.188 
017464 	0.688 	0.118 	0.075 	0.189 
017465 	0.688 	0.118 	0.075 	0.189 
017466 	0.689 	0.117 	0.076 	0.188 
017467 	0.690 	0.117 	0.074 	0.190 
017468 	0.690 	0.118 	0.074 	0.190 
017469 	0.691 	0.117 	0.074 	0.188 
017470 	0.691 	0.117 	0.074 	0.191 
017471 	0.692 	0.118 	0.073 	0.189 
017472 	0.692 	0.118 	0.072 	0.187 
017473 	0.692 	0.119 	0.072 	0.188 
017474 	0.693 	0.118 	0.072 	0.189 
017475 	0.693 	0.119 	0.072 	0.191 
017476 	0.693 	0.119 	0.072 	0.191 
017477 	0.693 	0.119 	0.073 	0.190 
017478 	0.693 	0.119 	0.072 	0.188 
017479 	0.694 	0.119 	0.073 	0.188 
017480 	0.694 	0.118 	0.072 	0.188 
017481 	0.695 	0.118 	0.071 	0.191 
017482 	0.695 	0.120 	0.072 	0.190 
017483 	0.695 	0.121 	0.072 	0.190 
017484 	0.696 	0.118 	0.072 	0.196 
017485 	0.696 	0.120 	0.071 	0.190 
017486 	0.696 	0.121 	0.071 	0.190 
017487 	0.696 	0.120 	0.072 	0.190 
017488 	0.696 	0.121 	0.073 	0.189 
017489 	0.697 	0.120 	0.072 	0.188 
017490 	0.697 	0.120 	0.072 	0.188 
017491 	0.697 	0.119 	0.072 	0.189 
017492 	0.697 	0.119 	0.072 	0.187 
017493 	0.697 	0.119 	0.073 	0.185 
017494 	0.698 	0.117 	0.072 	0.187 
017495 	0.699 	0.118 	0.072 	0.187 
017496 	0.700 	0.121 	0.072 	0.186 
017497 	0.701 	0.123 	0.073 	0.185 
017498 	0.701 	0.123 	0.074 	0.185 
017499 	0.702 	0.123 	0.075 	0.185 
017500 	0.701 	0.122 	0.076 	0.186 
017501 	0.702 	0.121 	0.076 	0.188 
017502 	0.702 	0.121 	0.075 	0.186 
017503 	0.702 	0.121 	0.075 	0.186 
017504 	0.702 	0.121 	0.075 	0.185 
017505 	0.703 	0.121 	0.075 	0.185 
017506 	0.703 	0.122 	0.074 	0.184 
017507 	0.703 	0.122 	0.075 	0.184 
017508 	0.702 	0.121 	0.076 	0.183 
017509 	0.703 	0.121 	0.076 	0.184 
017510 	0.703 	0.122 	0.076 	0.183 
017511 	0.702 	0.121 	0.076 	0.184 
017512 	0.703 	0.121 	0.076 	0.182 
017513 	0.703 	0.121 	0.076 	0.184 
017514 	0.703 	0.121 	0.076 	0.184 
017515 	0.703 	0.121 	0.076 	0.184 
017516 	0.703 	0.121 	0.076 	0.184 
017517 	0.703 	0.121 	0.076 	0.184 
017518 	0.703 	0.121 	0.076 	0.184 
017519 	0.703 	0.121 	0.075 	0.184 
017520 	0.703 	0.121 	0.076 	0.184 
017521 	0.703 	0.121 	0.076 	0.185 
017522 	0.703 	0.121 	0.075 	0.185 
017523 	0.703 	0.120 	0.076 	0.185 
017524 	0.703 	0.120 	0.076 	0.185 
017525 	0.703 	0.120 	0.076 	0.186 
017526 	0.703 	0.121 	0.076 	0.185 
017527 	0.703 	0.121 	0.075 	0.185 
017528 	0.703 	0.121 	0.075 	0.186 
017529 	0.703 	0.120 	0.076 	0.189 
017530 	0.704 	0.119 	0.076 	0.190 
017531 	0.704 	0.118 	0.076 	0.193 
017532 	0.704 	0.120 	0.075 	0.192 
017533 	0.704 	0.119 	0.076 	0.194 
017534 	0.704 	0.119 	0.076 	0.195 
017535 	0.704 	0.117 	0.075 	0.198 
017536 	0.704 	0.117 	0.074 	0.198 
017537 	0.703 	0.115 	0.073 	0.200 
017538 	0.702 	0.114 	0.074 	0.197 
017539 	0.701 	0.113 	0.072 	0.195 
017540 	0.701 	0.113 	0.072 	0.195 
017541 	0.700 	0.112 	0.073 	0.193 
017542 	0.699 	0.112 	0.073 	0.193 
017543 	0.699 	0.112 	0.073 	0.191 
017544 	0.699 	0.112 	0.072 	0.191 
017545 	0.699 	0.113 	0.074 	0.188 
017546 	0.700 	0.114 	0.072 	0.187 
017547 	0.700 	0.115 	0.071 	0.188 
017548 	0.700 	0.115 	0.071 	0.187 
017549 	0.701 	0.115 	0.070 	0.186 
017550 	0.702 	0.117 	0.070 	0.185 
017551 	0.702 	0.115 	0.072 	0.188 
017552 	0.703 	0.117 	0.071 	0.187 
017553 	0.704 	0.118 	0.070 	0.184 
017554 	0.704 	0.118 	0.072 	0.187 
017555 	0.704 	0.118 	0.074 	0.190 
017556 	0.705 	0.116 	0.073 	0.196 
017557 	0.705 	0.116 	0.074 	0.194 
017558 	0.704 	0.115 	0.081 	0.196 
017559 	0.707 	0.117 	0.075 	0.193 
017560 	0.708 	0.116 	0.074 	0.192 
017561 	0.708 	0.117 	0.075 	0.192 
017562 	0.709 	0.118 	0.073 	0.191 
017563 	0.710 	0.117 	0.073 	0.192 
017564 	0.710 	0.117 	0.073 	0.190 
017565 	0.710 	0.117 	0.073 	0.190 
017566 	0.711 	0.118 	0.071 	0.189 
017567 	0.712 	0.118 	0.071 	0.189 
017568 	0.711 	0.117 	0.073 	0.190 
017569 	0.711 	0.118 	0.072 	0.189 
017570 	0.711 	0.118 	0.072 	0.189 
017571 	0.711 	0.122 	0.078 	0.182 
017572 	0.711 	0.122 	0.077 	0.181 
017573 	0.711 	0.116 	0.073 	0.190 
017574 	0.711 	0.116 	0.073 	0.190 
017575 	0.711 	0.117 	0.072 	0.189 
017576 	0.711 	0.117 	0.072 	0.190 
017577 	0.710 	0.117 	0.074 	0.190 
017578 	0.710 	0.117 	0.073 	0.190 
017579 	0.710 	0.117 	0.072 	0.191 
017580 	0.709 	0.116 	0.073 	0.192 
017581 	0.710 	0.117 	0.072 	0.192 
017582 	0.709 	0.116 	0.072 	0.192 
017583 	0.709 	0.116 	0.073 	0.193 
017584 	0.709 	0.117 	0.072 	0.192 
017585 	0.708 	0.116 	0.072 	0.195 
017586 	0.707 	0.117 	0.073 	0.194 
017587 	0.708 	0.116 	0.071 	0.196 
017588 	0.708 	0.116 	0.072 	0.196 
017589 	0.707 	0.116 	0.072 	0.197 
017590 	0.707 	0.116 	0.072 	0.197 
017591 	0.708 	0.115 	0.072 	0.199 
017592 	0.707 	0.116 	0.073 	0.198 
017593 	0.707 	0.116 	0.073 	0.198 
017594 	0.707 	0.116 	0.074 	0.199 
017595 	0.706 	0.116 	0.074 	0.199 
017596 	0.706 	0.116 	0.074 	0.198 
017597 	0.705 	0.115 	0.074 	0.198 
017598 	0.705 	0.115 	0.074 	0.198 
017599 	0.704 	0.115 	0.076 	0.194 
017600 	0.704 	0.116 	0.074 	0.193 
017601 	0.705 	0.117 	0.072 	0.190 
017602 	0.705 	0.117 	0.072 	0.186 
017603 	0.705 	0.116 	0.073 	0.188 
017604 	0.705 	0.116 	0.074 	0.187 
017605 	0.706 	0.118 	0.073 	0.186 
017606 	0.706 	0.117 	0.073 	0.187 
017607 	0.706 	0.117 	0.073 	0.188 
017608 	0.705 	0.117 	0.074 	0.189 
017609 	0.705 	0.117 	0.074 	0.189 
017610 	0.704 	0.117 	0.074 	0.187 
017611 	0.703 	0.117 	0.074 	0.187 
017612 	0.703 	0.117 	0.074 	0.185 
017613 	0.702 	0.116 	0.074 	0.185 
017614 	0.701 	0.117 	0.073 	0.183 
017615 	0.701 	0.117 	0.073 	0.183 
017616 	0.701 	0.117 	0.074 	0.184 
017617 	0.700 	0.115 	0.074 	0.187 
017618 	0.699 	0.115 	0.074 	0.188 
017619 	0.699 	0.114 	0.073 	0.189 
017620 	0.698 	0.116 	0.074 	0.188 
017621 	0.699 	0.116 	0.073 	0.186 
017622 	0.699 	0.116 	0.072 	0.185 
017623 	0.698 	0.116 	0.072 	0.186 
017624 	0.698 	0.117 	0.073 	0.187 
017625 	0.698 	0.117 	0.073 	0.187 
017626 	0.698 	0.116 	0.073 	0.187 
017627 	0.698 	0.115 	0.073 	0.186 
017628 	0.698 	0.116 	0.073 	0.186 
017629 	0.698 	0.116 	0.073 	0.188 
017630 	0.698 	0.116 	0.073 	0.189 
017631 	0.698 	0.115 	0.074 	0.189 
017632 	0.698 	0.116 	0.073 	0.188 
017633 	0.698 	0.118 	0.073 	0.185 
017634 	0.699 	0.118 	0.073 	0.183 
017635 	0.699 	0.118 	0.072 	0.183 
017636 	0.699 	0.118 	0.071 	0.185 
017637 	0.699 	0.118 	0.072 	0.188 
017638 	0.699 	0.118 	0.072 	0.188 
017639 	0.699 	0.118 	0.073 	0.188 
017640 	0.699 	0.118 	0.073 	0.188 
017641 	0.699 	0.118 	0.073 	0.185 
017642 	0.699 	0.119 	0.073 	0.183 
017643 	0.699 	0.120 	0.073 	0.181 
017644 	0.698 	0.120 	0.073 	0.182 
017645 	0.698 	0.120 	0.073 	0.184 
017646 	0.698 	0.122 	0.073 	0.185 
017647 	0.698 	0.121 	0.072 	0.188 
017648 	0.697 	0.119 	0.073 	0.190 
017649 	0.698 	0.120 	0.072 	0.189 
017650 	0.697 	0.120 	0.074 	0.187 
017651 	0.697 	0.120 	0.074 	0.187 
017652 	0.696 	0.121 	0.074 	0.187 
017653 	0.696 	0.120 	0.074 	0.187 
017654 	0.695 	0.121 	0.075 	0.187 
017655 	0.695 	0.120 	0.075 	0.186 
017656 	0.695 	0.120 	0.075 	0.186 
017657 	0.695 	0.120 	0.075 	0.186 
017658 	0.695 	0.121 	0.075 	0.185 
017659 	0.695 	0.121 	0.075 	0.185 
017660 	0.694 	0.121 	0.075 	0.186 
017661 	0.694 	0.121 	0.074 	0.187 
017662 	0.694 	0.120 	0.074 	0.189 
017663 	0.694 	0.120 	0.074 	0.188 
017664 	0.694 	0.120 	0.074 	0.186 
017665 	0.694 	0.120 	0.074 	0.186 
017666 	0.694 	0.120 	0.074 	0.185 
017667 	0.694 	0.120 	0.074 	0.186 
017668 	0.694 	0.120 	0.074 	0.186 
017669 	0.694 	0.120 	0.074 	0.185 
017670 	0.694 	0.120 	0.074 	0.184 
017671 	0.694 	0.120 	0.075 	0.185 
017672 	0.694 	0.120 	0.075 	0.184 
017673 	0.694 	0.120 	0.075 	0.184 
017674 	0.694 	0.120 	0.075 	0.183 
017675 	0.694 	0.119 	0.074 	0.183 
017676 	0.693 	0.119 	0.075 	0.185 
017677 	0.693 	0.119 	0.075 	0.185 
017678 	0.693 	0.120 	0.075 	0.185 
017679 	0.693 	0.119 	0.075 	0.185 
017680 	0.693 	0.119 	0.075 	0.186 
017681 	0.693 	0.119 	0.075 	0.185 
017682 	0.693 	0.120 	0.074 	0.186 
017683 	0.693 	0.120 	0.075 	0.186 
017684 	0.693 	0.119 	0.075 	0.186 
017685 	0.693 	0.120 	0.074 	0.186 
017686 	0.693 	0.119 	0.075 	0.188 
017687 	0.693 	0.119 	0.074 	0.189 
017688 	0.694 	0.119 	0.074 	0.189 
017689 	0.694 	0.117 	0.073 	0.191 
017690 	0.694 	0.117 	0.073 	0.191 
017691 	0.695 	0.116 	0.073 	0.193 
017692 	0.695 	0.116 	0.073 	0.192 
017693 	0.694 	0.115 	0.073 	0.194 
017694 	0.695 	0.115 	0.073 	0.195 
017695 	0.694 	0.115 	0.074 	0.196 
017696 	0.693 	0.112 	0.075 	0.197 
017697 	0.692 	0.112 	0.076 	0.199 
017698 	0.691 	0.113 	0.076 	0.200 
017699 	0.690 	0.112 	0.075 	0.202 
017700 	0.690 	0.113 	0.075 	0.200 
017701 	0.689 	0.115 	0.076 	0.191 
017702 	0.690 	0.115 	0.075 	0.190 
017703 	0.690 	0.117 	0.075 	0.190 
017704 	0.689 	0.115 	0.076 	0.190 
017705 	0.689 	0.116 	0.076 	0.188 
017706 	0.689 	0.116 	0.075 	0.189 
017707 	0.689 	0.116 	0.075 	0.190 
017708 	0.689 	0.116 	0.075 	0.193 
017709 	0.690 	0.116 	0.075 	0.192 
017710 	0.690 	0.116 	0.075 	0.192 
017711 	0.690 	0.115 	0.075 	0.192 
017712 	0.690 	0.116 	0.075 	0.190 
017713 	0.690 	0.115 	0.076 	0.193 
017714 	0.691 	0.116 	0.075 	0.194 
017715 	0.691 	0.116 	0.075 	0.194 
017716 	0.691 	0.115 	0.075 	0.197 
017717 	0.691 	0.115 	0.075 	0.198 
017718 	0.691 	0.116 	0.074 	0.196 
017719 	0.692 	0.116 	0.074 	0.191 
017720 	0.693 	0.117 	0.074 	0.191 
017721 	0.692 	0.118 	0.075 	0.192 
017722 	0.693 	0.119 	0.075 	0.195 
017723 	0.693 	0.120 	0.074 	0.200 
017724 	0.692 	0.119 	0.075 	0.195 
017725 	0.693 	0.118 	0.075 	0.188 
017726 	0.692 	0.118 	0.075 	0.187 
017727 	0.692 	0.119 	0.075 	0.187 
017728 	0.693 	0.119 	0.075 	0.189 
017729 	0.692 	0.119 	0.075 	0.188 
017730 	0.692 	0.120 	0.074 	0.189 
017731 	0.692 	0.118 	0.075 	0.195 
017732 	0.692 	0.117 	0.075 	0.197 
017733 	0.692 	0.118 	0.075 	0.197 
017734 	0.692 	0.117 	0.075 	0.199 
017735 	0.693 	0.120 	0.074 	0.193 
017736 	0.692 	0.119 	0.075 	0.195 
017737 	0.692 	0.119 	0.075 	0.196 
017738 	0.692 	0.119 	0.075 	0.196 
017739 	0.692 	0.119 	0.075 	0.194 
017740 	0.692 	0.119 	0.075 	0.194 
017741 	0.692 	0.119 	0.074 	0.192 
017742 	0.692 	0.119 	0.074 	0.192 
017743 	0.692 	0.119 	0.074 	0.193 
017744 	0.692 	0.119 	0.074 	0.193 
017745 	0.692 	0.119 	0.074 	0.191 
017746 	0.692 	0.119 	0.073 	0.187 
017747 	0.692 	0.119 	0.073 	0.188 
017748 	0.691 	0.118 	0.073 	0.190 
017749 	0.690 	0.118 	0.073 	0.193 
017750 	0.690 	0.118 	0.074 	0.194 
017751 	0.689 	0.117 	0.075 	0.195 
017752 	0.688 	0.118 	0.076 	0.192 
017753 	0.688 	0.117 	0.076 	0.191 
017754 	0.688 	0.118 	0.076 	0.190 
017755 	0.688 	0.118 	0.076 	0.189 
017756 	0.688 	0.119 	0.075 	0.187 
017757 	0.687 	0.118 	0.075 	0.188 
017758 	0.687 	0.117 	0.076 	0.189 
017759 	0.688 	0.117 	0.076 	0.190 
017760 	0.688 	0.118 	0.076 	0.190 
017761 	0.688 	0.117 	0.076 	0.190 
017762 	0.688 	0.117 	0.076 	0.190 
017763 	0.688 	0.118 	0.076 	0.189 
017764 	0.689 	0.118 	0.076 	0.188 
017765 	0.689 	0.118 	0.076 	0.188 
017766 	0.688 	0.118 	0.077 	0.189 
017767 	0.689 	0.118 	0.077 	0.190 
017768 	0.688 	0.118 	0.076 	0.190 
017769 	0.688 	0.118 	0.076 	0.190 
017770 	0.688 	0.118 	0.076 	0.190 
017771 	0.688 	0.118 	0.074 	0.186 
017772 	0.688 	0.118 	0.075 	0.187 
017773 	0.688 	0.118 	0.075 	0.188 
017774 	0.688 	0.118 	0.075 	0.188 
017775 	0.688 	0.118 	0.075 	0.186 
017776 	0.688 	0.118 	0.075 	0.186 
017777 	0.689 	0.118 	0.075 	0.186 
017778 	0.688 	0.118 	0.075 	0.185 
017779 	0.688 	0.118 	0.075 	0.184 
017780 	0.688 	0.117 	0.076 	0.186 

WORD START END ASDSCORE
VOTES 0.08 0.60 6.2
VOICES 0.60 1.08 8.6
AND 1.08 1.29 8.9
VANTAGE 1.29 1.76 8.6
POINTS 1.76 2.34 7.0
ARE 3.06 3.19 6.4
WHAT 3.19 3.41 8.8
WE 3.41 3.64 9.2
ALL 3.64 3.88 6.3
NEED 3.88 4.08 6.6
TO 4.08 4.27 7.9
WORK 4.27 4.56 6.4
TO 4.65 4.79 3.8
INCLUDE 4.79 5.28 4.5
IN 5.28 5.40 5.1
AMERICAN 5.40 5.82 6.0
DEMOCRACY 5.82 6.57 6.0
IT'S 6.91 7.09 6.0
NOT 7.09 7.29 8.1
JUST 7.29 7.53 9.8
MY 7.53 7.74 11.6
WORK 7.74 8.10 6.9
IT'S 8.22 8.40 7.5
ALSO 8.40 8.82 7.3
YOURS 8.82 9.47 6.0
AND 10.34 10.47 4.6
IT'S 10.47 10.60 7.2
NOT 10.60 10.80 11.1
GOING 10.80 10.95 10.2
TO 10.95 11.01 8.8
BE 11.01 11.09 8.2
EASY 11.09 11.60 4.9
WE 12.15 12.30 9.2
NEVER 12.30 12.62 9.2
KNOW 12.62 13.11 2.7
WHAT 13.82 14.10 4.2
PUTTING 14.12 14.44 8.0
A 14.44 14.49 9.4
NEW 14.49 14.72 8.7
FACTOR 14.72 15.27 8.3
INTO 15.27 15.52 6.4
AN 15.52 15.59 6.8
EQUATION 15.59 16.31 6.0
WILL 16.31 16.51 4.8
DO 16.51 16.89 3.1
AND 18.11 18.24 4.5
IT'S 18.24 18.40 4.9
A 18.40 18.44 4.6
LITTLE 18.44 18.64 4.1
SCARY 18.64 19.29 4.0
YOU'RE 20.59 20.76 5.9
SCARED 20.76 21.19 7.5
THAT 21.19 21.32 6.0
I'M 21.32 21.47 5.3
GOING 21.47 21.64 5.4
TO 21.64 21.70 5.2
TAKE 21.70 21.93 7.3
AWAY 21.93 22.15 7.1
YOUR 22.15 22.30 5.9
PLACE 22.30 22.70 6.2
AT 22.70 22.84 5.2
THE 22.84 22.90 5.0
TABLE 22.90 23.45 5.5
AND 24.33 24.49 4.8
I'M 24.49 24.66 7.1
SCARED 24.66 25.11 6.9
THAT 25.11 25.23 5.5
I'M 25.23 25.37 4.3
NEVER 25.37 25.72 5.5
GOING 25.72 25.89 2.7
TO 25.89 25.95 2.6
GET 25.95 26.20 7.2
A 26.32 26.38 8.2
PLACE 26.38 26.93 8.7
AT 26.93 27.08 6.8
THE 27.08 27.15 4.2
TABLE 27.15 27.65 3.7
