Text:  THE FINANCIAL STABILITY THAT WE ALL ARE LOOKING FOR 
Conf:  5
Ref:   0d6iSvF1UmA

FRAME 	X 	Y 	W 	H 
016951 	0.503 	0.144 	0.174 	0.438 
016952 	0.506 	0.145 	0.175 	0.436 
016953 	0.506 	0.145 	0.175 	0.438 
016954 	0.506 	0.146 	0.174 	0.432 
016955 	0.507 	0.148 	0.174 	0.432 
016956 	0.507 	0.148 	0.176 	0.442 
016957 	0.509 	0.149 	0.175 	0.444 
016958 	0.512 	0.147 	0.174 	0.447 
016959 	0.513 	0.145 	0.173 	0.450 
016960 	0.514 	0.146 	0.172 	0.448 
016961 	0.518 	0.145 	0.170 	0.446 
016962 	0.517 	0.143 	0.168 	0.441 
016963 	0.521 	0.141 	0.167 	0.442 
016964 	0.523 	0.144 	0.169 	0.440 
016965 	0.523 	0.144 	0.169 	0.440 
016966 	0.513 	0.147 	0.163 	0.436 
016967 	0.515 	0.144 	0.163 	0.437 
016968 	0.518 	0.145 	0.161 	0.433 
016969 	0.520 	0.143 	0.162 	0.439 
016970 	0.522 	0.142 	0.165 	0.443 
016971 	0.524 	0.141 	0.166 	0.439 
016972 	0.527 	0.140 	0.165 	0.442 
016973 	0.529 	0.140 	0.163 	0.446 
016974 	0.530 	0.139 	0.164 	0.451 
016975 	0.533 	0.138 	0.161 	0.457 
016976 	0.534 	0.137 	0.161 	0.457 
016977 	0.536 	0.137 	0.163 	0.458 
016978 	0.539 	0.138 	0.161 	0.458 
016979 	0.541 	0.140 	0.161 	0.450 
016980 	0.543 	0.139 	0.162 	0.440 
016981 	0.546 	0.140 	0.164 	0.434 
016982 	0.549 	0.132 	0.163 	0.448 
016983 	0.553 	0.125 	0.165 	0.453 
016984 	0.561 	0.127 	0.177 	0.451 
016985 	0.564 	0.124 	0.178 	0.449 
016986 	0.567 	0.119 	0.174 	0.457 
016987 	0.566 	0.127 	0.171 	0.453 
016988 	0.573 	0.126 	0.173 	0.456 
016989 	0.578 	0.125 	0.173 	0.457 
016990 	0.578 	0.125 	0.173 	0.457 
016991 	0.581 	0.126 	0.174 	0.461 
016992 	0.584 	0.128 	0.174 	0.451 
016993 	0.586 	0.129 	0.174 	0.457 
016994 	0.589 	0.129 	0.173 	0.455 
016995 	0.592 	0.130 	0.172 	0.451 
016996 	0.594 	0.130 	0.172 	0.448 
016997 	0.595 	0.130 	0.172 	0.447 
016998 	0.596 	0.131 	0.173 	0.443 
016999 	0.598 	0.130 	0.173 	0.440 
017000 	0.601 	0.131 	0.172 	0.441 
017001 	0.601 	0.135 	0.172 	0.437 
017002 	0.602 	0.136 	0.172 	0.437 
017003 	0.601 	0.135 	0.169 	0.438 
017004 	0.604 	0.137 	0.169 	0.438 
017005 	0.604 	0.134 	0.170 	0.440 
017006 	0.607 	0.135 	0.169 	0.443 
017007 	0.609 	0.135 	0.168 	0.443 
017008 	0.610 	0.135 	0.171 	0.437 
017009 	0.613 	0.136 	0.168 	0.438 
017010 	0.614 	0.136 	0.170 	0.437 
017011 	0.616 	0.137 	0.168 	0.434 
017012 	0.618 	0.138 	0.168 	0.432 
017013 	0.621 	0.139 	0.169 	0.437 
017014 	0.622 	0.136 	0.170 	0.442 
017015 	0.622 	0.136 	0.170 	0.442 
017016 	0.624 	0.138 	0.171 	0.442 
017017 	0.626 	0.139 	0.169 	0.440 
017018 	0.627 	0.142 	0.169 	0.434 
017019 	0.619 	0.144 	0.169 	0.435 
017020 	0.619 	0.147 	0.169 	0.431 
017021 	0.621 	0.149 	0.169 	0.430 
017022 	0.624 	0.148 	0.170 	0.430 
017023 	0.626 	0.147 	0.170 	0.435 
017024 	0.630 	0.147 	0.170 	0.433 

WORD START END ASDSCORE
THE 0.06 0.15 7.5
FINANCIAL 0.15 0.70 8.3
STABILITY 0.70 1.23 4.2
THAT 1.23 1.42 7.2
WE 1.42 1.59 7.6
ALL 1.59 1.93 5.8
ARE 1.93 2.08 3.2
LOOKING 2.08 2.38 3.9
FOR 2.38 2.84 6.4
