Text:  PROBLEM IS NOT SO MUCH JUST ABOUT THE SHEER VOLUME OF STUFF THAT IS A WHOLE OTHER TALK 
Conf:  1
Ref:   0FkuRwU8HFc

FRAME 	X 	Y 	W 	H 
002560 	0.349 	0.140 	0.072 	0.202 
002561 	0.348 	0.138 	0.072 	0.206 
002562 	0.345 	0.134 	0.073 	0.213 
002563 	0.343 	0.133 	0.074 	0.214 
002564 	0.341 	0.133 	0.075 	0.212 
002565 	0.339 	0.133 	0.075 	0.209 
002566 	0.337 	0.135 	0.076 	0.201 
002567 	0.333 	0.142 	0.075 	0.197 
002568 	0.331 	0.141 	0.076 	0.205 
002569 	0.331 	0.141 	0.076 	0.208 
002570 	0.330 	0.142 	0.077 	0.207 
002571 	0.331 	0.144 	0.076 	0.202 
002572 	0.332 	0.145 	0.077 	0.203 
002573 	0.333 	0.145 	0.077 	0.199 
002574 	0.336 	0.142 	0.077 	0.199 
002575 	0.337 	0.142 	0.077 	0.201 
002576 	0.338 	0.141 	0.076 	0.205 
002577 	0.338 	0.140 	0.077 	0.207 
002578 	0.338 	0.142 	0.077 	0.209 
002579 	0.338 	0.141 	0.078 	0.209 
002580 	0.339 	0.142 	0.076 	0.210 
002581 	0.338 	0.142 	0.077 	0.208 
002582 	0.336 	0.149 	0.077 	0.201 
002583 	0.333 	0.147 	0.076 	0.204 
002584 	0.332 	0.147 	0.076 	0.209 
002585 	0.330 	0.147 	0.077 	0.210 
002586 	0.330 	0.149 	0.074 	0.203 
002587 	0.328 	0.147 	0.077 	0.208 
002588 	0.329 	0.145 	0.075 	0.207 
002589 	0.329 	0.144 	0.075 	0.203 
002590 	0.328 	0.144 	0.075 	0.202 
002591 	0.328 	0.143 	0.076 	0.203 
002592 	0.329 	0.142 	0.076 	0.207 
002593 	0.331 	0.142 	0.076 	0.205 
002594 	0.331 	0.142 	0.076 	0.202 
002595 	0.333 	0.142 	0.075 	0.198 
002596 	0.333 	0.141 	0.075 	0.196 
002597 	0.333 	0.139 	0.075 	0.198 
002598 	0.332 	0.136 	0.076 	0.207 
002599 	0.332 	0.136 	0.076 	0.206 
002600 	0.331 	0.135 	0.076 	0.207 
002601 	0.329 	0.135 	0.076 	0.202 
002602 	0.328 	0.132 	0.076 	0.205 
002603 	0.325 	0.131 	0.074 	0.205 
002604 	0.323 	0.130 	0.075 	0.205 
002605 	0.321 	0.130 	0.075 	0.207 
002606 	0.320 	0.126 	0.075 	0.212 
002607 	0.319 	0.125 	0.076 	0.214 
002608 	0.317 	0.123 	0.077 	0.213 
002609 	0.316 	0.125 	0.077 	0.213 
002610 	0.316 	0.120 	0.079 	0.214 
002611 	0.317 	0.123 	0.075 	0.214 
002612 	0.317 	0.123 	0.075 	0.215 
002613 	0.317 	0.121 	0.075 	0.215 
002614 	0.317 	0.123 	0.075 	0.214 
002615 	0.318 	0.122 	0.075 	0.215 
002616 	0.318 	0.123 	0.075 	0.214 
002617 	0.318 	0.122 	0.075 	0.213 
002618 	0.316 	0.121 	0.079 	0.212 
002619 	0.317 	0.122 	0.075 	0.215 
002620 	0.316 	0.121 	0.080 	0.210 
002621 	0.317 	0.123 	0.077 	0.212 
002622 	0.318 	0.123 	0.075 	0.211 
002623 	0.320 	0.124 	0.075 	0.211 
002624 	0.321 	0.125 	0.077 	0.210 
002625 	0.321 	0.126 	0.076 	0.212 
002626 	0.321 	0.127 	0.078 	0.213 
002627 	0.323 	0.127 	0.076 	0.209 
002628 	0.325 	0.126 	0.077 	0.207 
002629 	0.326 	0.125 	0.077 	0.209 
002630 	0.326 	0.127 	0.078 	0.204 
002631 	0.326 	0.129 	0.077 	0.208 
002632 	0.328 	0.132 	0.078 	0.204 
002633 	0.331 	0.136 	0.076 	0.201 
002634 	0.330 	0.136 	0.079 	0.201 
002635 	0.331 	0.137 	0.078 	0.202 
002636 	0.332 	0.138 	0.078 	0.200 
002637 	0.333 	0.138 	0.078 	0.200 
002638 	0.334 	0.138 	0.078 	0.200 
002639 	0.335 	0.137 	0.079 	0.201 
002640 	0.335 	0.137 	0.078 	0.199 
002641 	0.336 	0.137 	0.077 	0.201 
002642 	0.334 	0.138 	0.077 	0.204 
002643 	0.332 	0.137 	0.078 	0.204 
002644 	0.331 	0.137 	0.078 	0.202 
002645 	0.331 	0.140 	0.078 	0.200 
002646 	0.331 	0.138 	0.078 	0.205 
002647 	0.331 	0.138 	0.078 	0.202 
002648 	0.332 	0.137 	0.077 	0.204 
002649 	0.332 	0.136 	0.077 	0.204 
002650 	0.332 	0.137 	0.076 	0.205 
002651 	0.331 	0.134 	0.078 	0.208 
002652 	0.331 	0.136 	0.076 	0.205 
002653 	0.326 	0.134 	0.078 	0.201 
002654 	0.324 	0.132 	0.078 	0.205 
002655 	0.322 	0.132 	0.078 	0.202 
002656 	0.320 	0.131 	0.080 	0.204 
002657 	0.319 	0.128 	0.079 	0.202 
002658 	0.318 	0.129 	0.079 	0.202 
002659 	0.319 	0.131 	0.078 	0.201 
002660 	0.320 	0.132 	0.079 	0.201 
002661 	0.320 	0.135 	0.079 	0.201 
002662 	0.322 	0.136 	0.079 	0.200 
002663 	0.326 	0.138 	0.077 	0.203 
002664 	0.327 	0.139 	0.077 	0.206 
002665 	0.328 	0.138 	0.077 	0.206 
002666 	0.329 	0.139 	0.077 	0.204 
002667 	0.331 	0.139 	0.076 	0.201 
002668 	0.333 	0.137 	0.077 	0.199 
002669 	0.335 	0.133 	0.079 	0.200 
002670 	0.338 	0.128 	0.077 	0.208 

WORD START END ASDSCORE
PROBLEM 0.07 0.41 2.2
IS 0.41 0.51 4.8
NOT 0.51 0.68 8.5
SO 0.68 0.80 9.6
MUCH 0.80 1.10 10.3
JUST 1.10 1.33 9.0
ABOUT 1.33 1.81 6.5
THE 1.81 1.92 5.4
SHEER 1.92 2.37 6.5
VOLUME 2.37 2.87 5.6
OF 2.87 2.98 7.5
STUFF 2.98 3.33 8.0
THAT 3.33 3.43 6.5
IS 3.43 3.49 4.6
A 3.49 3.52 4.6
WHOLE 3.52 3.72 4.9
OTHER 3.72 3.98 6.3
TALK 3.98 4.32 5.6
