Text:  BIRTH DEFECTS AND ULTIMATELY DEVELOPMENTAL PROBLEMS AND WHERE WERE THESE CHEMICALS COMING FROM THEY'RE COMING FROM OUR STUFF THEY'RE COMING FROM OUR CONSUMER GOODS THEY'RE COMING FROM OUR PESTICIDES THEY'RE COMING FROM THE WASTE THAT HAPPENS WHEN WE BURN OUR STUFF OUR GARBAGE SO IT'S NOT REALLY SURPRISING THAT WE'RE SPENDING IN THIS COUNTRY ALONE AGAIN ON ONE SEGMENT OF THE POPULATION KIDS 
Conf:  4
Ref:   0FkuRwU8HFc

FRAME 	X 	Y 	W 	H 
003954 	0.410 	0.121 	0.079 	0.212 
003955 	0.410 	0.119 	0.078 	0.210 
003956 	0.410 	0.116 	0.074 	0.205 
003957 	0.409 	0.118 	0.075 	0.197 
003958 	0.409 	0.117 	0.075 	0.198 
003959 	0.410 	0.117 	0.075 	0.202 
003960 	0.410 	0.117 	0.076 	0.209 
003961 	0.411 	0.115 	0.075 	0.216 
003962 	0.411 	0.117 	0.075 	0.216 
003963 	0.409 	0.117 	0.077 	0.214 
003964 	0.409 	0.118 	0.077 	0.217 
003965 	0.409 	0.119 	0.077 	0.217 
003966 	0.410 	0.119 	0.076 	0.215 
003967 	0.410 	0.118 	0.075 	0.217 
003968 	0.409 	0.117 	0.074 	0.223 
003969 	0.409 	0.115 	0.074 	0.228 
003970 	0.406 	0.117 	0.075 	0.224 
003971 	0.406 	0.117 	0.074 	0.220 
003972 	0.405 	0.117 	0.072 	0.219 
003973 	0.404 	0.118 	0.072 	0.212 
003974 	0.401 	0.121 	0.073 	0.204 
003975 	0.399 	0.117 	0.073 	0.211 
003976 	0.393 	0.115 	0.074 	0.212 
003977 	0.386 	0.115 	0.075 	0.220 
003978 	0.383 	0.114 	0.075 	0.222 
003979 	0.382 	0.115 	0.072 	0.219 
003980 	0.379 	0.120 	0.070 	0.203 
003981 	0.370 	0.116 	0.074 	0.209 
003982 	0.367 	0.116 	0.074 	0.206 
003983 	0.365 	0.115 	0.074 	0.207 
003984 	0.359 	0.116 	0.075 	0.215 
003985 	0.356 	0.119 	0.075 	0.214 
003986 	0.354 	0.125 	0.072 	0.204 
003987 	0.352 	0.123 	0.070 	0.203 
003988 	0.351 	0.121 	0.072 	0.211 
003989 	0.348 	0.125 	0.069 	0.205 
003990 	0.347 	0.128 	0.070 	0.205 
003991 	0.343 	0.131 	0.070 	0.203 
003992 	0.339 	0.135 	0.072 	0.202 
003993 	0.332 	0.134 	0.075 	0.206 
003994 	0.331 	0.131 	0.073 	0.207 
003995 	0.331 	0.130 	0.072 	0.206 
003996 	0.330 	0.131 	0.071 	0.201 
003997 	0.330 	0.132 	0.070 	0.202 
003998 	0.328 	0.130 	0.070 	0.203 
003999 	0.328 	0.129 	0.069 	0.201 
004000 	0.327 	0.130 	0.069 	0.202 
004001 	0.327 	0.130 	0.068 	0.209 
004002 	0.328 	0.133 	0.067 	0.206 
004003 	0.328 	0.133 	0.067 	0.205 
004004 	0.327 	0.135 	0.068 	0.205 
004005 	0.327 	0.137 	0.067 	0.197 
004006 	0.326 	0.138 	0.069 	0.203 
004007 	0.326 	0.137 	0.069 	0.208 
004008 	0.325 	0.136 	0.070 	0.212 
004009 	0.325 	0.137 	0.069 	0.209 
004010 	0.325 	0.137 	0.069 	0.209 
004011 	0.324 	0.138 	0.070 	0.204 
004012 	0.324 	0.140 	0.070 	0.201 
004013 	0.325 	0.139 	0.069 	0.207 
004014 	0.326 	0.139 	0.069 	0.207 
004015 	0.326 	0.139 	0.069 	0.206 
004016 	0.326 	0.139 	0.069 	0.205 
004017 	0.325 	0.140 	0.070 	0.202 
004018 	0.325 	0.139 	0.072 	0.204 
004019 	0.325 	0.140 	0.071 	0.202 
004020 	0.325 	0.139 	0.072 	0.204 
004021 	0.326 	0.140 	0.072 	0.199 
004022 	0.326 	0.141 	0.072 	0.199 
004023 	0.327 	0.141 	0.072 	0.199 
004024 	0.326 	0.141 	0.072 	0.201 
004025 	0.327 	0.140 	0.072 	0.202 
004026 	0.327 	0.141 	0.072 	0.205 
004027 	0.327 	0.140 	0.071 	0.205 
004028 	0.328 	0.140 	0.072 	0.206 
004029 	0.327 	0.138 	0.073 	0.209 
004030 	0.327 	0.137 	0.073 	0.211 
004031 	0.328 	0.136 	0.073 	0.210 
004032 	0.327 	0.136 	0.074 	0.212 
004033 	0.327 	0.135 	0.075 	0.214 
004034 	0.327 	0.135 	0.075 	0.214 
004035 	0.327 	0.134 	0.076 	0.217 
004036 	0.327 	0.134 	0.076 	0.216 
004037 	0.326 	0.135 	0.076 	0.213 
004038 	0.326 	0.134 	0.076 	0.212 
004039 	0.327 	0.133 	0.074 	0.208 
004040 	0.327 	0.131 	0.074 	0.210 
004041 	0.325 	0.130 	0.074 	0.208 
004042 	0.324 	0.130 	0.073 	0.208 
004043 	0.324 	0.128 	0.075 	0.211 
004044 	0.323 	0.127 	0.075 	0.214 
004045 	0.323 	0.126 	0.075 	0.214 
004046 	0.322 	0.125 	0.078 	0.210 
004047 	0.322 	0.124 	0.078 	0.210 
004048 	0.322 	0.123 	0.078 	0.213 
004049 	0.323 	0.123 	0.078 	0.212 
004050 	0.322 	0.124 	0.079 	0.207 
004051 	0.323 	0.124 	0.078 	0.207 
004052 	0.324 	0.124 	0.077 	0.209 
004053 	0.325 	0.124 	0.077 	0.210 
004054 	0.325 	0.125 	0.076 	0.207 
004055 	0.326 	0.124 	0.077 	0.206 
004056 	0.329 	0.128 	0.075 	0.206 
004057 	0.330 	0.129 	0.077 	0.204 
004058 	0.330 	0.130 	0.078 	0.205 
004059 	0.331 	0.130 	0.079 	0.202 
004060 	0.330 	0.130 	0.081 	0.204 
004061 	0.331 	0.133 	0.081 	0.199 
004062 	0.329 	0.134 	0.080 	0.199 
004063 	0.328 	0.135 	0.079 	0.198 
004064 	0.327 	0.136 	0.079 	0.197 
004065 	0.326 	0.138 	0.077 	0.195 
004066 	0.324 	0.136 	0.078 	0.205 
004067 	0.325 	0.137 	0.077 	0.202 
004068 	0.326 	0.137 	0.077 	0.201 
004069 	0.327 	0.139 	0.077 	0.198 
004070 	0.328 	0.138 	0.079 	0.199 
004071 	0.329 	0.137 	0.081 	0.201 
004072 	0.330 	0.137 	0.081 	0.201 
004073 	0.334 	0.136 	0.079 	0.200 
004074 	0.335 	0.135 	0.079 	0.203 
004075 	0.336 	0.136 	0.079 	0.203 
004076 	0.338 	0.133 	0.077 	0.209 
004077 	0.339 	0.134 	0.075 	0.210 
004078 	0.337 	0.133 	0.076 	0.205 
004079 	0.336 	0.131 	0.076 	0.206 
004080 	0.336 	0.131 	0.076 	0.203 
004081 	0.337 	0.132 	0.075 	0.204 
004082 	0.330 	0.133 	0.079 	0.205 
004083 	0.330 	0.134 	0.079 	0.205 
004084 	0.331 	0.134 	0.078 	0.208 
004085 	0.330 	0.135 	0.079 	0.207 
004086 	0.330 	0.135 	0.079 	0.205 
004087 	0.329 	0.135 	0.079 	0.205 
004088 	0.328 	0.134 	0.080 	0.203 
004089 	0.328 	0.133 	0.080 	0.204 
004090 	0.328 	0.134 	0.080 	0.200 
004091 	0.328 	0.135 	0.079 	0.199 
004092 	0.329 	0.135 	0.079 	0.200 
004093 	0.328 	0.134 	0.080 	0.200 
004094 	0.329 	0.133 	0.079 	0.199 
004095 	0.329 	0.133 	0.079 	0.199 
004096 	0.329 	0.132 	0.079 	0.199 
004097 	0.328 	0.133 	0.079 	0.198 
004098 	0.329 	0.132 	0.080 	0.200 
004099 	0.329 	0.133 	0.080 	0.200 
004100 	0.329 	0.133 	0.080 	0.200 
004101 	0.329 	0.132 	0.080 	0.200 
004102 	0.329 	0.132 	0.079 	0.197 
004103 	0.330 	0.133 	0.078 	0.197 
004104 	0.331 	0.134 	0.076 	0.194 
004105 	0.332 	0.132 	0.076 	0.195 
004106 	0.331 	0.131 	0.077 	0.194 
004107 	0.334 	0.122 	0.074 	0.208 
004108 	0.334 	0.123 	0.075 	0.200 
004109 	0.331 	0.121 	0.078 	0.202 
004110 	0.339 	0.119 	0.073 	0.202 
004111 	0.339 	0.118 	0.074 	0.200 
004112 	0.340 	0.116 	0.074 	0.201 
004113 	0.339 	0.116 	0.075 	0.201 
004114 	0.341 	0.115 	0.073 	0.200 
004115 	0.341 	0.113 	0.073 	0.200 
004116 	0.342 	0.112 	0.072 	0.201 
004117 	0.342 	0.112 	0.072 	0.199 
004118 	0.344 	0.110 	0.071 	0.199 
004119 	0.343 	0.111 	0.071 	0.199 
004120 	0.344 	0.110 	0.071 	0.200 
004121 	0.344 	0.110 	0.071 	0.203 
004122 	0.346 	0.111 	0.071 	0.212 
004123 	0.347 	0.110 	0.070 	0.216 
004124 	0.349 	0.112 	0.069 	0.215 
004125 	0.349 	0.113 	0.069 	0.211 
004126 	0.351 	0.111 	0.068 	0.213 
004127 	0.353 	0.115 	0.068 	0.216 
004128 	0.353 	0.116 	0.069 	0.207 
004129 	0.356 	0.116 	0.068 	0.207 
004130 	0.354 	0.117 	0.071 	0.203 
004131 	0.356 	0.115 	0.071 	0.200 
004132 	0.361 	0.112 	0.069 	0.200 
004133 	0.361 	0.111 	0.070 	0.199 
004134 	0.362 	0.111 	0.071 	0.201 
004135 	0.369 	0.112 	0.067 	0.196 
004136 	0.369 	0.112 	0.067 	0.197 
004137 	0.368 	0.111 	0.069 	0.200 
004138 	0.366 	0.110 	0.071 	0.202 
004139 	0.368 	0.111 	0.070 	0.203 
004140 	0.369 	0.109 	0.070 	0.208 
004141 	0.369 	0.110 	0.070 	0.208 
004142 	0.369 	0.112 	0.071 	0.205 
004143 	0.370 	0.112 	0.070 	0.203 
004144 	0.370 	0.111 	0.071 	0.205 
004145 	0.371 	0.113 	0.070 	0.201 
004146 	0.372 	0.113 	0.070 	0.204 
004147 	0.374 	0.113 	0.068 	0.207 
004148 	0.374 	0.115 	0.068 	0.202 
004149 	0.374 	0.114 	0.068 	0.202 
004150 	0.374 	0.113 	0.068 	0.207 
004151 	0.374 	0.112 	0.068 	0.207 
004152 	0.375 	0.112 	0.068 	0.210 
004153 	0.375 	0.113 	0.068 	0.208 
004154 	0.375 	0.112 	0.069 	0.211 
004155 	0.375 	0.112 	0.069 	0.211 
004156 	0.375 	0.112 	0.069 	0.210 
004157 	0.375 	0.113 	0.069 	0.210 
004158 	0.375 	0.113 	0.069 	0.210 
004159 	0.374 	0.114 	0.070 	0.209 
004160 	0.375 	0.114 	0.069 	0.211 
004161 	0.375 	0.115 	0.069 	0.207 
004162 	0.375 	0.115 	0.068 	0.209 
004163 	0.375 	0.114 	0.068 	0.211 
004164 	0.375 	0.115 	0.069 	0.210 
004165 	0.375 	0.115 	0.068 	0.212 
004166 	0.375 	0.114 	0.069 	0.212 
004167 	0.375 	0.114 	0.068 	0.210 
004168 	0.377 	0.113 	0.066 	0.217 
004169 	0.377 	0.114 	0.066 	0.218 
004170 	0.377 	0.113 	0.067 	0.219 
004171 	0.378 	0.114 	0.067 	0.214 
004172 	0.379 	0.116 	0.067 	0.209 
004173 	0.380 	0.117 	0.068 	0.210 
004174 	0.379 	0.117 	0.068 	0.207 
004175 	0.381 	0.119 	0.067 	0.201 
004176 	0.381 	0.118 	0.067 	0.201 
004177 	0.380 	0.116 	0.069 	0.208 
004178 	0.381 	0.118 	0.069 	0.204 
004179 	0.382 	0.118 	0.068 	0.197 
004180 	0.383 	0.118 	0.069 	0.198 
004181 	0.384 	0.118 	0.069 	0.202 
004182 	0.385 	0.120 	0.072 	0.205 
004183 	0.386 	0.118 	0.074 	0.207 
004184 	0.386 	0.118 	0.075 	0.205 
004185 	0.394 	0.115 	0.072 	0.208 
004186 	0.395 	0.115 	0.072 	0.210 
004187 	0.400 	0.117 	0.070 	0.206 
004188 	0.401 	0.116 	0.069 	0.204 
004189 	0.404 	0.113 	0.068 	0.214 
004190 	0.403 	0.115 	0.071 	0.208 
004191 	0.406 	0.116 	0.069 	0.207 
004192 	0.409 	0.116 	0.071 	0.204 
004193 	0.410 	0.116 	0.072 	0.208 
004194 	0.410 	0.116 	0.073 	0.208 
004195 	0.410 	0.115 	0.074 	0.209 
004196 	0.412 	0.116 	0.073 	0.211 
004197 	0.412 	0.116 	0.075 	0.214 
004198 	0.412 	0.116 	0.075 	0.215 
004199 	0.413 	0.117 	0.075 	0.210 
004200 	0.412 	0.117 	0.076 	0.211 
004201 	0.412 	0.117 	0.077 	0.212 
004202 	0.411 	0.117 	0.077 	0.214 
004203 	0.411 	0.117 	0.076 	0.210 
004204 	0.411 	0.116 	0.076 	0.214 
004205 	0.410 	0.116 	0.076 	0.214 
004206 	0.409 	0.115 	0.076 	0.217 
004207 	0.409 	0.117 	0.074 	0.216 
004208 	0.408 	0.117 	0.072 	0.215 
004209 	0.408 	0.117 	0.071 	0.209 
004210 	0.407 	0.116 	0.070 	0.208 
004211 	0.406 	0.118 	0.069 	0.203 
004212 	0.407 	0.115 	0.066 	0.208 
004213 	0.408 	0.113 	0.063 	0.215 
004214 	0.407 	0.112 	0.063 	0.215 
004215 	0.405 	0.110 	0.063 	0.212 
004216 	0.402 	0.103 	0.065 	0.215 
004217 	0.389 	0.105 	0.067 	0.193 
004218 	0.387 	0.105 	0.064 	0.193 
004219 	0.384 	0.107 	0.065 	0.204 
004220 	0.381 	0.106 	0.064 	0.202 
004221 	0.375 	0.104 	0.066 	0.201 
004222 	0.361 	0.113 	0.070 	0.193 
004223 	0.358 	0.117 	0.069 	0.194 
004224 	0.355 	0.118 	0.068 	0.200 
004225 	0.353 	0.119 	0.067 	0.199 
004226 	0.351 	0.119 	0.068 	0.201 
004227 	0.344 	0.118 	0.071 	0.195 
004228 	0.342 	0.116 	0.072 	0.200 
004229 	0.340 	0.117 	0.072 	0.192 
004230 	0.334 	0.116 	0.074 	0.202 
004231 	0.333 	0.114 	0.075 	0.209 
004232 	0.331 	0.117 	0.073 	0.205 
004233 	0.330 	0.117 	0.071 	0.202 
004234 	0.328 	0.117 	0.069 	0.197 
004235 	0.324 	0.115 	0.068 	0.192 
004236 	0.318 	0.112 	0.072 	0.196 
004237 	0.301 	0.110 	0.079 	0.205 
004238 	0.298 	0.112 	0.079 	0.203 
004239 	0.296 	0.114 	0.079 	0.202 
004240 	0.295 	0.117 	0.078 	0.200 
004241 	0.295 	0.117 	0.078 	0.198 
004242 	0.296 	0.118 	0.079 	0.196 
004243 	0.298 	0.118 	0.079 	0.200 
004244 	0.299 	0.118 	0.079 	0.203 
004245 	0.299 	0.118 	0.079 	0.202 
004246 	0.299 	0.119 	0.079 	0.204 
004247 	0.299 	0.118 	0.080 	0.211 
004248 	0.299 	0.117 	0.080 	0.213 
004249 	0.300 	0.117 	0.079 	0.210 
004250 	0.301 	0.118 	0.080 	0.208 
004251 	0.301 	0.118 	0.078 	0.209 
004252 	0.302 	0.117 	0.078 	0.211 
004253 	0.304 	0.119 	0.076 	0.203 
004254 	0.303 	0.120 	0.077 	0.203 
004255 	0.304 	0.118 	0.077 	0.214 
004256 	0.302 	0.118 	0.078 	0.221 
004257 	0.303 	0.117 	0.078 	0.226 
004258 	0.303 	0.119 	0.078 	0.211 
004259 	0.303 	0.119 	0.078 	0.211 
004260 	0.303 	0.117 	0.079 	0.213 
004261 	0.303 	0.116 	0.080 	0.216 
004262 	0.302 	0.116 	0.080 	0.217 
004263 	0.303 	0.117 	0.079 	0.210 
004264 	0.304 	0.118 	0.079 	0.206 
004265 	0.304 	0.118 	0.079 	0.203 
004266 	0.305 	0.118 	0.078 	0.202 
004267 	0.310 	0.121 	0.077 	0.200 
004268 	0.313 	0.114 	0.079 	0.213 
004269 	0.316 	0.115 	0.076 	0.208 
004270 	0.319 	0.118 	0.075 	0.203 
004271 	0.321 	0.117 	0.075 	0.198 
004272 	0.324 	0.117 	0.075 	0.203 
004273 	0.331 	0.115 	0.077 	0.203 
004274 	0.338 	0.113 	0.078 	0.200 
004275 	0.344 	0.112 	0.075 	0.199 
004276 	0.348 	0.111 	0.075 	0.195 
004277 	0.354 	0.110 	0.074 	0.196 
004278 	0.365 	0.106 	0.076 	0.201 
004279 	0.373 	0.106 	0.071 	0.200 
004280 	0.378 	0.106 	0.071 	0.197 
004281 	0.383 	0.107 	0.072 	0.201 
004282 	0.388 	0.104 	0.074 	0.202 
004283 	0.401 	0.106 	0.072 	0.205 
004284 	0.406 	0.107 	0.072 	0.204 
004285 	0.409 	0.108 	0.075 	0.209 
004286 	0.415 	0.106 	0.075 	0.209 
004287 	0.421 	0.104 	0.075 	0.209 
004288 	0.429 	0.107 	0.074 	0.204 
004289 	0.433 	0.108 	0.074 	0.204 
004290 	0.435 	0.108 	0.075 	0.200 
004291 	0.438 	0.107 	0.076 	0.198 
004292 	0.439 	0.109 	0.075 	0.197 
004293 	0.444 	0.110 	0.075 	0.197 
004294 	0.444 	0.110 	0.076 	0.200 
004295 	0.446 	0.111 	0.076 	0.202 
004296 	0.446 	0.110 	0.076 	0.205 
004297 	0.447 	0.110 	0.076 	0.211 
004298 	0.449 	0.111 	0.074 	0.216 
004299 	0.450 	0.113 	0.074 	0.213 
004300 	0.452 	0.115 	0.073 	0.214 
004301 	0.453 	0.115 	0.073 	0.212 
004302 	0.454 	0.114 	0.073 	0.209 
004303 	0.455 	0.118 	0.072 	0.201 
004304 	0.455 	0.118 	0.072 	0.200 
004305 	0.455 	0.118 	0.072 	0.201 
004306 	0.455 	0.117 	0.073 	0.203 
004307 	0.454 	0.116 	0.073 	0.206 
004308 	0.451 	0.114 	0.073 	0.201 
004309 	0.448 	0.113 	0.075 	0.203 
004310 	0.446 	0.111 	0.075 	0.201 
004311 	0.445 	0.114 	0.074 	0.199 
004312 	0.439 	0.113 	0.076 	0.204 
004313 	0.437 	0.111 	0.075 	0.206 
004314 	0.435 	0.112 	0.074 	0.208 
004315 	0.434 	0.112 	0.074 	0.204 
004316 	0.431 	0.113 	0.074 	0.202 
004317 	0.431 	0.111 	0.074 	0.204 
004318 	0.429 	0.114 	0.073 	0.204 
004319 	0.427 	0.116 	0.075 	0.210 
004320 	0.426 	0.124 	0.073 	0.202 
004321 	0.426 	0.127 	0.072 	0.203 
004322 	0.425 	0.125 	0.072 	0.206 
004323 	0.422 	0.128 	0.072 	0.203 
004324 	0.417 	0.128 	0.076 	0.202 
004325 	0.409 	0.118 	0.080 	0.211 
004326 	0.408 	0.117 	0.080 	0.210 
004327 	0.407 	0.116 	0.077 	0.210 
004328 	0.403 	0.114 	0.075 	0.207 
004329 	0.400 	0.110 	0.077 	0.210 
004330 	0.398 	0.110 	0.077 	0.209 
004331 	0.394 	0.108 	0.078 	0.212 
004332 	0.393 	0.105 	0.077 	0.213 
004333 	0.383 	0.106 	0.080 	0.210 
004334 	0.382 	0.107 	0.078 	0.214 
004335 	0.380 	0.107 	0.076 	0.214 
004336 	0.378 	0.108 	0.076 	0.213 
004337 	0.375 	0.106 	0.077 	0.220 
004338 	0.372 	0.107 	0.076 	0.210 
004339 	0.370 	0.109 	0.076 	0.208 
004340 	0.366 	0.109 	0.077 	0.207 
004341 	0.362 	0.112 	0.081 	0.208 
004342 	0.358 	0.119 	0.080 	0.199 
004343 	0.356 	0.127 	0.079 	0.201 
004344 	0.355 	0.132 	0.076 	0.198 
004345 	0.353 	0.135 	0.076 	0.201 
004346 	0.350 	0.134 	0.075 	0.203 
004347 	0.348 	0.133 	0.076 	0.207 
004348 	0.344 	0.131 	0.077 	0.205 
004349 	0.345 	0.131 	0.075 	0.205 
004350 	0.343 	0.128 	0.076 	0.206 
004351 	0.342 	0.127 	0.076 	0.206 
004352 	0.343 	0.126 	0.076 	0.205 
004353 	0.341 	0.122 	0.079 	0.207 
004354 	0.342 	0.120 	0.079 	0.208 
004355 	0.343 	0.122 	0.079 	0.207 
004356 	0.345 	0.120 	0.077 	0.213 
004357 	0.347 	0.120 	0.075 	0.213 
004358 	0.352 	0.129 	0.072 	0.201 
004359 	0.353 	0.132 	0.072 	0.200 
004360 	0.354 	0.133 	0.073 	0.204 
004361 	0.354 	0.134 	0.073 	0.207 
004362 	0.353 	0.133 	0.075 	0.205 
004363 	0.354 	0.132 	0.075 	0.206 
004364 	0.354 	0.133 	0.074 	0.199 
004365 	0.355 	0.133 	0.074 	0.202 
004366 	0.355 	0.132 	0.076 	0.204 
004367 	0.355 	0.133 	0.077 	0.200 
004368 	0.356 	0.133 	0.077 	0.203 
004369 	0.357 	0.134 	0.078 	0.200 
004370 	0.357 	0.134 	0.078 	0.200 
004371 	0.356 	0.136 	0.076 	0.204 
004372 	0.357 	0.140 	0.073 	0.207 
004373 	0.350 	0.154 	0.072 	0.194 
004374 	0.348 	0.165 	0.072 	0.187 
004375 	0.345 	0.173 	0.070 	0.185 
004376 	0.340 	0.179 	0.071 	0.187 
004377 	0.336 	0.188 	0.072 	0.188 
004378 	0.332 	0.195 	0.072 	0.183 
004379 	0.332 	0.196 	0.070 	0.185 
004380 	0.330 	0.198 	0.071 	0.183 
004381 	0.330 	0.200 	0.071 	0.181 
004382 	0.331 	0.201 	0.072 	0.182 
004383 	0.334 	0.200 	0.074 	0.185 
004384 	0.341 	0.197 	0.069 	0.179 
004385 	0.342 	0.194 	0.072 	0.182 
004386 	0.345 	0.195 	0.074 	0.176 
004387 	0.348 	0.189 	0.074 	0.184 
004388 	0.357 	0.178 	0.079 	0.194 
004389 	0.370 	0.173 	0.071 	0.193 
004390 	0.377 	0.173 	0.070 	0.190 
004391 	0.383 	0.172 	0.070 	0.190 
004392 	0.387 	0.169 	0.075 	0.190 
004393 	0.405 	0.163 	0.070 	0.193 
004394 	0.410 	0.162 	0.072 	0.191 
004395 	0.418 	0.158 	0.073 	0.193 
004396 	0.428 	0.154 	0.070 	0.196 
004397 	0.435 	0.156 	0.070 	0.189 
004398 	0.451 	0.153 	0.071 	0.197 
004399 	0.457 	0.158 	0.070 	0.195 
004400 	0.463 	0.158 	0.073 	0.194 
004401 	0.471 	0.157 	0.074 	0.198 
004402 	0.478 	0.158 	0.071 	0.198 
004403 	0.489 	0.163 	0.074 	0.193 
004404 	0.497 	0.163 	0.075 	0.196 
004405 	0.505 	0.166 	0.072 	0.196 
004406 	0.509 	0.172 	0.073 	0.198 
004407 	0.513 	0.178 	0.076 	0.200 
004408 	0.516 	0.184 	0.077 	0.195 
004409 	0.526 	0.183 	0.075 	0.193 
004410 	0.529 	0.182 	0.074 	0.194 
004411 	0.532 	0.179 	0.073 	0.198 
004412 	0.533 	0.178 	0.073 	0.197 
004413 	0.535 	0.176 	0.072 	0.196 
004414 	0.535 	0.174 	0.073 	0.200 
004415 	0.535 	0.174 	0.073 	0.198 
004416 	0.535 	0.174 	0.073 	0.201 
004417 	0.536 	0.174 	0.073 	0.201 
004418 	0.536 	0.172 	0.073 	0.203 
004419 	0.534 	0.169 	0.074 	0.203 
004420 	0.534 	0.168 	0.073 	0.203 
004421 	0.533 	0.166 	0.074 	0.204 
004422 	0.531 	0.165 	0.074 	0.205 
004423 	0.530 	0.164 	0.075 	0.206 
004424 	0.526 	0.160 	0.077 	0.208 
004425 	0.525 	0.157 	0.078 	0.209 
004426 	0.525 	0.155 	0.078 	0.209 
004427 	0.524 	0.155 	0.079 	0.209 
004428 	0.523 	0.155 	0.079 	0.208 
004429 	0.522 	0.155 	0.079 	0.207 
004430 	0.524 	0.148 	0.078 	0.209 
004431 	0.524 	0.148 	0.078 	0.207 
004432 	0.523 	0.147 	0.078 	0.208 
004433 	0.518 	0.148 	0.079 	0.215 
004434 	0.517 	0.148 	0.081 	0.214 
004435 	0.517 	0.147 	0.081 	0.213 
004436 	0.517 	0.147 	0.080 	0.214 
004437 	0.517 	0.146 	0.079 	0.216 
004438 	0.517 	0.147 	0.078 	0.212 
004439 	0.515 	0.147 	0.078 	0.210 
004440 	0.515 	0.146 	0.078 	0.211 
004441 	0.515 	0.147 	0.077 	0.208 
004442 	0.515 	0.146 	0.077 	0.209 
004443 	0.515 	0.147 	0.077 	0.209 
004444 	0.516 	0.147 	0.077 	0.210 
004445 	0.518 	0.148 	0.076 	0.210 
004446 	0.518 	0.148 	0.075 	0.211 
004447 	0.518 	0.148 	0.075 	0.210 
004448 	0.519 	0.148 	0.074 	0.205 
004449 	0.519 	0.146 	0.075 	0.216 
004450 	0.520 	0.145 	0.074 	0.213 
004451 	0.519 	0.147 	0.073 	0.209 
004452 	0.518 	0.147 	0.073 	0.206 
004453 	0.518 	0.149 	0.073 	0.202 
004454 	0.517 	0.148 	0.074 	0.205 
004455 	0.517 	0.149 	0.073 	0.200 
004456 	0.516 	0.149 	0.073 	0.203 
004457 	0.516 	0.150 	0.073 	0.200 
004458 	0.517 	0.149 	0.073 	0.207 
004459 	0.515 	0.150 	0.074 	0.201 
004460 	0.516 	0.150 	0.072 	0.201 
004461 	0.516 	0.150 	0.072 	0.201 
004462 	0.515 	0.149 	0.072 	0.201 
004463 	0.516 	0.148 	0.072 	0.205 
004464 	0.514 	0.147 	0.071 	0.201 
004465 	0.513 	0.146 	0.070 	0.203 
004466 	0.512 	0.145 	0.071 	0.200 
004467 	0.512 	0.145 	0.070 	0.202 
004468 	0.512 	0.145 	0.070 	0.203 
004469 	0.511 	0.144 	0.070 	0.204 
004470 	0.510 	0.145 	0.071 	0.203 
004471 	0.510 	0.144 	0.071 	0.205 
004472 	0.509 	0.145 	0.072 	0.209 
004473 	0.510 	0.145 	0.071 	0.209 
004474 	0.510 	0.145 	0.070 	0.204 
004475 	0.510 	0.146 	0.070 	0.204 
004476 	0.510 	0.146 	0.071 	0.205 
004477 	0.510 	0.146 	0.071 	0.208 
004478 	0.512 	0.147 	0.069 	0.204 
004479 	0.515 	0.150 	0.069 	0.198 
004480 	0.515 	0.148 	0.069 	0.199 
004481 	0.516 	0.148 	0.068 	0.199 
004482 	0.515 	0.147 	0.070 	0.200 
004483 	0.516 	0.148 	0.069 	0.201 
004484 	0.514 	0.148 	0.070 	0.201 
004485 	0.514 	0.148 	0.071 	0.202 
004486 	0.514 	0.149 	0.070 	0.203 
004487 	0.513 	0.149 	0.071 	0.203 
004488 	0.513 	0.148 	0.072 	0.204 
004489 	0.513 	0.148 	0.070 	0.201 
004490 	0.513 	0.149 	0.071 	0.202 
004491 	0.513 	0.148 	0.071 	0.203 
004492 	0.513 	0.148 	0.070 	0.204 
004493 	0.513 	0.149 	0.069 	0.204 
004494 	0.512 	0.147 	0.069 	0.211 
004495 	0.511 	0.146 	0.070 	0.213 
004496 	0.512 	0.147 	0.069 	0.212 
004497 	0.510 	0.150 	0.069 	0.204 
004498 	0.508 	0.150 	0.069 	0.205 
004499 	0.509 	0.153 	0.069 	0.203 
004500 	0.510 	0.153 	0.069 	0.201 
004501 	0.511 	0.151 	0.069 	0.203 
004502 	0.513 	0.151 	0.070 	0.205 
004503 	0.515 	0.152 	0.070 	0.203 
004504 	0.518 	0.151 	0.067 	0.204 
004505 	0.517 	0.151 	0.067 	0.200 
004506 	0.518 	0.150 	0.067 	0.201 
004507 	0.518 	0.152 	0.068 	0.202 
004508 	0.516 	0.151 	0.070 	0.202 
004509 	0.515 	0.153 	0.071 	0.202 
004510 	0.515 	0.154 	0.071 	0.202 
004511 	0.515 	0.154 	0.068 	0.199 
004512 	0.514 	0.155 	0.069 	0.199 
004513 	0.514 	0.157 	0.070 	0.197 
004514 	0.515 	0.158 	0.069 	0.200 
004515 	0.514 	0.156 	0.070 	0.203 
004516 	0.515 	0.156 	0.069 	0.201 
004517 	0.516 	0.155 	0.069 	0.200 
004518 	0.516 	0.155 	0.069 	0.201 
004519 	0.515 	0.153 	0.069 	0.206 
004520 	0.514 	0.152 	0.072 	0.206 
004521 	0.515 	0.153 	0.071 	0.206 
004522 	0.514 	0.153 	0.071 	0.204 
004523 	0.514 	0.152 	0.072 	0.207 
004524 	0.514 	0.152 	0.072 	0.207 
004525 	0.514 	0.151 	0.070 	0.208 
004526 	0.514 	0.150 	0.071 	0.213 
004527 	0.515 	0.151 	0.069 	0.211 
004528 	0.516 	0.153 	0.067 	0.207 
004529 	0.516 	0.157 	0.068 	0.202 
004530 	0.515 	0.157 	0.069 	0.202 
004531 	0.515 	0.156 	0.069 	0.202 
004532 	0.516 	0.156 	0.068 	0.203 
004533 	0.515 	0.153 	0.069 	0.204 
004534 	0.512 	0.153 	0.070 	0.205 
004535 	0.512 	0.152 	0.068 	0.203 
004536 	0.510 	0.149 	0.070 	0.204 
004537 	0.510 	0.149 	0.070 	0.203 
004538 	0.509 	0.149 	0.072 	0.205 
004539 	0.511 	0.148 	0.069 	0.209 
004540 	0.509 	0.147 	0.071 	0.213 
004541 	0.510 	0.147 	0.071 	0.210 
004542 	0.511 	0.146 	0.068 	0.208 
004543 	0.511 	0.146 	0.069 	0.212 
004544 	0.510 	0.150 	0.068 	0.207 
004545 	0.511 	0.151 	0.067 	0.203 
004546 	0.510 	0.150 	0.067 	0.205 
004547 	0.511 	0.149 	0.068 	0.204 
004548 	0.512 	0.150 	0.067 	0.204 
004549 	0.513 	0.149 	0.067 	0.205 
004550 	0.514 	0.150 	0.067 	0.204 
004551 	0.514 	0.148 	0.068 	0.209 
004552 	0.514 	0.149 	0.068 	0.208 
004553 	0.514 	0.148 	0.068 	0.212 
004554 	0.514 	0.148 	0.068 	0.208 
004555 	0.513 	0.148 	0.067 	0.204 
004556 	0.512 	0.147 	0.068 	0.206 
004557 	0.513 	0.147 	0.067 	0.210 
004558 	0.513 	0.146 	0.067 	0.210 
004559 	0.510 	0.145 	0.069 	0.213 
004560 	0.510 	0.149 	0.067 	0.206 
004561 	0.510 	0.150 	0.067 	0.207 
004562 	0.510 	0.150 	0.067 	0.206 
004563 	0.510 	0.151 	0.067 	0.204 
004564 	0.510 	0.151 	0.067 	0.205 
004565 	0.509 	0.150 	0.068 	0.206 
004566 	0.510 	0.150 	0.068 	0.206 
004567 	0.510 	0.151 	0.068 	0.204 
004568 	0.509 	0.150 	0.069 	0.205 
004569 	0.511 	0.149 	0.066 	0.205 
004570 	0.512 	0.145 	0.067 	0.217 
004571 	0.512 	0.143 	0.065 	0.218 
004572 	0.511 	0.141 	0.067 	0.220 
004573 	0.511 	0.142 	0.067 	0.216 
004574 	0.510 	0.142 	0.068 	0.213 
004575 	0.509 	0.142 	0.069 	0.212 
004576 	0.509 	0.143 	0.069 	0.210 
004577 	0.509 	0.143 	0.069 	0.210 
004578 	0.509 	0.143 	0.069 	0.210 
004579 	0.509 	0.143 	0.069 	0.208 
004580 	0.509 	0.143 	0.069 	0.209 
004581 	0.509 	0.144 	0.068 	0.209 

WORD START END ASDSCORE
BIRTH 0.07 0.29 3.2
DEFECTS 0.29 0.82 3.4
AND 0.82 0.97 3.0
ULTIMATELY 0.97 1.63 5.0
DEVELOPMENTAL 1.63 2.23 5.2
PROBLEMS 2.23 2.81 6.6
AND 3.85 3.97 3.2
WHERE 3.97 4.10 6.0
WERE 4.10 4.19 9.6
THESE 4.19 4.35 9.8
CHEMICALS 4.35 4.78 8.3
COMING 4.78 5.06 6.6
FROM 5.06 5.41 9.0
THEY'RE 6.58 6.67 3.2
COMING 6.67 6.88 3.2
FROM 6.88 7.03 3.9
OUR 7.03 7.15 4.3
STUFF 7.15 7.45 6.7
THEY'RE 8.36 8.46 5.3
COMING 8.46 8.75 4.9
FROM 8.75 8.97 6.3
OUR 8.97 9.10 6.7
CONSUMER 9.10 9.50 6.6
GOODS 9.50 9.95 5.8
THEY'RE 10.11 10.22 0.4
COMING 10.22 10.62 4.7
FROM 10.62 11.03 9.7
OUR 11.03 11.19 8.7
PESTICIDES 11.19 11.84 7.5
THEY'RE 11.84 11.93 9.4
COMING 11.93 12.30 8.1
FROM 12.30 12.74 9.5
THE 12.81 12.99 7.3
WASTE 12.99 13.50 9.5
THAT 13.50 13.63 9.0
HAPPENS 13.63 14.17 8.0
WHEN 14.17 14.29 7.7
WE 14.29 14.49 8.9
BURN 14.49 14.96 5.2
OUR 15.26 15.41 3.1
STUFF 15.41 15.76 7.8
OUR 15.99 16.12 0.1
GARBAGE 16.12 16.67 2.5
SO 19.45 19.60 1.4
IT'S 19.60 19.69 5.9
NOT 19.69 19.81 8.1
REALLY 19.81 20.00 10.1
SURPRISING 20.00 20.61 8.2
THAT 20.61 20.74 5.0
WE'RE 20.74 20.85 5.7
SPENDING 20.85 21.51 8.0
IN 21.54 21.69 6.5
THIS 21.69 21.85 6.4
COUNTRY 21.85 22.15 7.4
ALONE 22.15 22.51 7.3
AGAIN 22.51 22.81 6.4
ON 22.81 23.00 7.9
ONE 23.00 23.22 9.8
SEGMENT 23.22 23.65 11.7
OF 23.65 23.74 9.1
THE 23.74 23.80 8.0
POPULATION 23.80 24.42 6.1
KIDS 24.42 25.00 4.5
