Text:  STUFF AS A WHOLE IN THE MIDDLE CLASS WE CURRENTLY SPEND 21 TRILLION DOLLARS A 
Conf:  1
Ref:   0FkuRwU8HFc

FRAME 	X 	Y 	W 	H 
001925 	0.460 	0.127 	0.070 	0.198 
001926 	0.463 	0.124 	0.074 	0.206 
001927 	0.477 	0.123 	0.067 	0.200 
001928 	0.482 	0.121 	0.068 	0.209 
001929 	0.491 	0.132 	0.068 	0.200 
001930 	0.495 	0.137 	0.069 	0.196 
001931 	0.505 	0.138 	0.066 	0.199 
001932 	0.507 	0.141 	0.068 	0.203 
001933 	0.511 	0.143 	0.066 	0.202 
001934 	0.512 	0.148 	0.070 	0.205 
001935 	0.514 	0.149 	0.072 	0.203 
001936 	0.516 	0.150 	0.073 	0.201 
001937 	0.518 	0.150 	0.075 	0.204 
001938 	0.526 	0.147 	0.071 	0.197 
001939 	0.532 	0.149 	0.071 	0.207 
001940 	0.535 	0.148 	0.070 	0.211 
001941 	0.535 	0.149 	0.071 	0.211 
001942 	0.537 	0.152 	0.072 	0.207 
001943 	0.539 	0.153 	0.071 	0.204 
001944 	0.540 	0.155 	0.074 	0.202 
001945 	0.540 	0.155 	0.074 	0.201 
001946 	0.541 	0.155 	0.075 	0.202 
001947 	0.542 	0.154 	0.072 	0.199 
001948 	0.543 	0.154 	0.071 	0.196 
001949 	0.543 	0.157 	0.072 	0.195 
001950 	0.542 	0.159 	0.072 	0.195 
001951 	0.543 	0.162 	0.072 	0.193 
001952 	0.543 	0.166 	0.072 	0.192 
001953 	0.544 	0.169 	0.073 	0.191 
001954 	0.544 	0.171 	0.076 	0.195 
001955 	0.544 	0.175 	0.076 	0.195 
001956 	0.546 	0.177 	0.076 	0.193 
001957 	0.553 	0.176 	0.072 	0.187 
001958 	0.552 	0.176 	0.075 	0.192 
001959 	0.551 	0.184 	0.075 	0.190 
001960 	0.551 	0.186 	0.076 	0.188 
001961 	0.552 	0.186 	0.076 	0.189 
001962 	0.552 	0.187 	0.076 	0.189 
001963 	0.553 	0.187 	0.075 	0.190 
001964 	0.553 	0.190 	0.074 	0.190 
001965 	0.553 	0.192 	0.075 	0.191 
001966 	0.553 	0.192 	0.076 	0.192 
001967 	0.553 	0.191 	0.075 	0.190 
001968 	0.552 	0.190 	0.076 	0.192 
001969 	0.551 	0.190 	0.076 	0.190 
001970 	0.550 	0.189 	0.077 	0.192 
001971 	0.551 	0.188 	0.075 	0.190 
001972 	0.545 	0.187 	0.078 	0.196 
001973 	0.544 	0.186 	0.078 	0.193 
001974 	0.544 	0.180 	0.078 	0.201 
001975 	0.542 	0.177 	0.078 	0.204 
001976 	0.541 	0.175 	0.077 	0.202 
001977 	0.540 	0.172 	0.075 	0.202 
001978 	0.539 	0.169 	0.075 	0.201 
001979 	0.538 	0.168 	0.074 	0.197 
001980 	0.537 	0.167 	0.075 	0.199 
001981 	0.537 	0.165 	0.076 	0.200 
001982 	0.537 	0.163 	0.076 	0.200 
001983 	0.536 	0.161 	0.077 	0.203 
001984 	0.538 	0.161 	0.076 	0.201 
001985 	0.538 	0.161 	0.076 	0.202 
001986 	0.539 	0.161 	0.075 	0.199 
001987 	0.539 	0.161 	0.075 	0.199 
001988 	0.539 	0.161 	0.076 	0.199 
001989 	0.540 	0.161 	0.077 	0.199 
001990 	0.540 	0.161 	0.078 	0.199 
001991 	0.541 	0.161 	0.078 	0.200 
001992 	0.541 	0.160 	0.078 	0.201 
001993 	0.542 	0.160 	0.076 	0.201 
001994 	0.542 	0.158 	0.076 	0.205 
001995 	0.542 	0.157 	0.076 	0.206 
001996 	0.540 	0.157 	0.078 	0.205 
001997 	0.540 	0.158 	0.078 	0.203 
001998 	0.540 	0.157 	0.077 	0.203 
001999 	0.541 	0.160 	0.075 	0.199 
002000 	0.539 	0.159 	0.077 	0.205 
002001 	0.539 	0.159 	0.076 	0.203 
002002 	0.538 	0.158 	0.077 	0.206 
002003 	0.539 	0.150 	0.079 	0.214 
002004 	0.543 	0.156 	0.075 	0.208 
002005 	0.546 	0.156 	0.074 	0.203 
002006 	0.547 	0.158 	0.076 	0.204 
002007 	0.549 	0.158 	0.073 	0.203 
002008 	0.551 	0.157 	0.074 	0.200 
002009 	0.554 	0.156 	0.073 	0.204 
002010 	0.555 	0.156 	0.073 	0.203 
002011 	0.555 	0.157 	0.075 	0.203 
002012 	0.555 	0.159 	0.074 	0.202 
002013 	0.556 	0.159 	0.074 	0.199 
002014 	0.557 	0.159 	0.075 	0.201 
002015 	0.557 	0.160 	0.075 	0.201 
002016 	0.557 	0.159 	0.075 	0.204 
002017 	0.558 	0.159 	0.076 	0.204 
002018 	0.558 	0.161 	0.077 	0.207 
002019 	0.559 	0.154 	0.078 	0.212 
002020 	0.559 	0.152 	0.078 	0.214 
002021 	0.561 	0.150 	0.077 	0.210 
002022 	0.562 	0.151 	0.078 	0.210 
002023 	0.564 	0.150 	0.076 	0.207 
002024 	0.565 	0.150 	0.078 	0.207 
002025 	0.565 	0.150 	0.078 	0.205 
002026 	0.568 	0.148 	0.076 	0.203 
002027 	0.568 	0.148 	0.079 	0.206 
002028 	0.570 	0.147 	0.078 	0.206 
002029 	0.571 	0.148 	0.078 	0.198 
002030 	0.571 	0.146 	0.079 	0.202 
002031 	0.571 	0.146 	0.078 	0.204 
002032 	0.571 	0.145 	0.078 	0.204 
002033 	0.571 	0.145 	0.079 	0.203 
002034 	0.573 	0.146 	0.078 	0.203 
002035 	0.572 	0.147 	0.079 	0.202 
002036 	0.573 	0.146 	0.079 	0.206 
002037 	0.577 	0.150 	0.076 	0.202 
002038 	0.578 	0.151 	0.075 	0.199 
002039 	0.577 	0.145 	0.079 	0.210 
002040 	0.576 	0.145 	0.079 	0.209 
002041 	0.577 	0.145 	0.079 	0.212 
002042 	0.576 	0.145 	0.080 	0.210 
002043 	0.577 	0.145 	0.079 	0.209 
002044 	0.578 	0.149 	0.075 	0.197 
002045 	0.578 	0.151 	0.074 	0.197 
002046 	0.577 	0.150 	0.075 	0.198 
002047 	0.577 	0.150 	0.074 	0.200 
002048 	0.573 	0.147 	0.077 	0.206 
002049 	0.570 	0.147 	0.078 	0.205 
002050 	0.570 	0.146 	0.078 	0.213 
002051 	0.570 	0.145 	0.077 	0.214 
002052 	0.569 	0.146 	0.078 	0.212 
002053 	0.569 	0.147 	0.078 	0.209 
002054 	0.568 	0.148 	0.078 	0.210 
002055 	0.567 	0.149 	0.078 	0.208 
002056 	0.567 	0.150 	0.078 	0.206 
002057 	0.565 	0.150 	0.079 	0.209 
002058 	0.565 	0.148 	0.078 	0.213 
002059 	0.564 	0.150 	0.077 	0.206 
002060 	0.564 	0.150 	0.075 	0.207 
002061 	0.563 	0.150 	0.076 	0.207 
002062 	0.562 	0.149 	0.076 	0.204 
002063 	0.561 	0.149 	0.077 	0.207 
002064 	0.561 	0.151 	0.076 	0.201 
002065 	0.561 	0.151 	0.074 	0.202 
002066 	0.560 	0.152 	0.074 	0.201 
002067 	0.559 	0.153 	0.074 	0.199 
002068 	0.558 	0.153 	0.075 	0.199 
002069 	0.557 	0.151 	0.074 	0.205 
002070 	0.556 	0.151 	0.075 	0.208 
002071 	0.555 	0.148 	0.077 	0.213 
002072 	0.555 	0.151 	0.075 	0.206 
002073 	0.553 	0.154 	0.076 	0.205 
002074 	0.552 	0.155 	0.076 	0.200 
002075 	0.550 	0.158 	0.076 	0.198 
002076 	0.548 	0.153 	0.075 	0.198 
002077 	0.547 	0.152 	0.074 	0.200 
002078 	0.545 	0.148 	0.077 	0.212 
002079 	0.545 	0.151 	0.074 	0.202 
002080 	0.544 	0.152 	0.074 	0.206 
002081 	0.541 	0.149 	0.078 	0.215 
002082 	0.541 	0.148 	0.078 	0.215 
002083 	0.541 	0.147 	0.080 	0.215 
002084 	0.541 	0.145 	0.079 	0.219 
002085 	0.543 	0.146 	0.077 	0.209 
002086 	0.543 	0.146 	0.076 	0.208 
002087 	0.543 	0.145 	0.076 	0.210 
002088 	0.543 	0.146 	0.076 	0.208 
002089 	0.543 	0.145 	0.078 	0.213 
002090 	0.541 	0.147 	0.079 	0.211 
002091 	0.542 	0.147 	0.079 	0.215 
002092 	0.544 	0.151 	0.076 	0.202 
002093 	0.544 	0.150 	0.076 	0.201 
002094 	0.543 	0.150 	0.075 	0.202 
002095 	0.542 	0.150 	0.074 	0.199 
002096 	0.542 	0.150 	0.073 	0.202 
002097 	0.540 	0.154 	0.074 	0.200 
002098 	0.539 	0.156 	0.075 	0.199 
002099 	0.538 	0.156 	0.076 	0.199 
002100 	0.537 	0.151 	0.077 	0.199 
002101 	0.538 	0.150 	0.077 	0.200 
002102 	0.538 	0.149 	0.078 	0.199 
002103 	0.537 	0.148 	0.079 	0.198 
002104 	0.537 	0.147 	0.080 	0.208 
002105 	0.537 	0.147 	0.080 	0.209 
002106 	0.538 	0.147 	0.079 	0.208 
002107 	0.538 	0.148 	0.079 	0.208 
002108 	0.538 	0.149 	0.079 	0.207 
002109 	0.538 	0.149 	0.078 	0.207 
002110 	0.538 	0.148 	0.079 	0.211 
002111 	0.540 	0.150 	0.076 	0.205 
002112 	0.540 	0.151 	0.077 	0.203 
002113 	0.542 	0.152 	0.073 	0.204 
002114 	0.541 	0.154 	0.073 	0.203 
002115 	0.539 	0.155 	0.075 	0.206 
002116 	0.539 	0.155 	0.075 	0.205 
002117 	0.539 	0.153 	0.075 	0.204 
002118 	0.540 	0.153 	0.074 	0.205 
002119 	0.540 	0.153 	0.074 	0.204 
002120 	0.541 	0.151 	0.075 	0.205 
002121 	0.539 	0.148 	0.078 	0.212 
002122 	0.540 	0.148 	0.078 	0.211 
002123 	0.541 	0.148 	0.077 	0.212 
002124 	0.541 	0.147 	0.077 	0.213 
002125 	0.542 	0.149 	0.078 	0.202 
002126 	0.541 	0.147 	0.078 	0.210 
002127 	0.543 	0.150 	0.076 	0.207 
002128 	0.541 	0.145 	0.078 	0.220 
002129 	0.541 	0.147 	0.079 	0.217 
002130 	0.542 	0.151 	0.076 	0.207 
002131 	0.541 	0.147 	0.079 	0.214 
002132 	0.540 	0.147 	0.079 	0.214 

WORD START END ASDSCORE
STUFF 0.09 0.42 6.3
AS 2.70 2.89 1.2
A 2.89 2.96 1.7
WHOLE 2.96 3.53 3.9
IN 3.88 4.02 4.1
THE 4.02 4.08 4.4
MIDDLE 4.08 4.34 5.2
CLASS 4.34 4.85 8.3
WE 4.87 5.01 9.5
CURRENTLY 5.01 5.47 3.4
SPEND 5.47 5.98 6.2
21 5.98 6.65 10.7
TRILLION 6.65 7.28 6.9
DOLLARS 7.40 8.01 5.0
A 8.07 8.21 9.9
