Text:  IS BECAUSE WE ARE GOING TO HAVE ABOUT 1 8 BILLION NEW PEOPLE ENTERING THE MIDDLE CLASS 
Conf:  2
Ref:   0FkuRwU8HFc

FRAME 	X 	Y 	W 	H 
002391 	0.359 	0.117 	0.071 	0.216 
002392 	0.357 	0.115 	0.073 	0.222 
002393 	0.357 	0.115 	0.073 	0.224 
002394 	0.357 	0.116 	0.073 	0.220 
002395 	0.358 	0.115 	0.073 	0.222 
002396 	0.357 	0.116 	0.074 	0.222 
002397 	0.358 	0.116 	0.074 	0.222 
002398 	0.357 	0.117 	0.075 	0.221 
002399 	0.358 	0.117 	0.074 	0.221 
002400 	0.356 	0.118 	0.076 	0.218 
002401 	0.357 	0.116 	0.076 	0.226 
002402 	0.356 	0.116 	0.077 	0.228 
002403 	0.356 	0.119 	0.077 	0.223 
002404 	0.357 	0.129 	0.074 	0.204 
002405 	0.356 	0.120 	0.077 	0.221 
002406 	0.357 	0.130 	0.073 	0.207 
002407 	0.356 	0.121 	0.076 	0.217 
002408 	0.356 	0.121 	0.077 	0.215 
002409 	0.356 	0.119 	0.076 	0.220 
002410 	0.358 	0.119 	0.074 	0.216 
002411 	0.358 	0.120 	0.075 	0.217 
002412 	0.357 	0.119 	0.074 	0.216 
002413 	0.358 	0.116 	0.074 	0.224 
002414 	0.357 	0.116 	0.074 	0.224 
002415 	0.357 	0.116 	0.075 	0.222 
002416 	0.360 	0.117 	0.072 	0.216 
002417 	0.360 	0.119 	0.072 	0.206 
002418 	0.361 	0.119 	0.072 	0.207 
002419 	0.360 	0.120 	0.073 	0.207 
002420 	0.361 	0.119 	0.073 	0.206 
002421 	0.361 	0.120 	0.072 	0.199 
002422 	0.371 	0.119 	0.069 	0.210 
002423 	0.373 	0.120 	0.068 	0.210 
002424 	0.374 	0.119 	0.068 	0.214 
002425 	0.377 	0.124 	0.064 	0.209 
002426 	0.380 	0.125 	0.063 	0.205 
002427 	0.385 	0.125 	0.068 	0.204 
002428 	0.385 	0.121 	0.072 	0.209 
002429 	0.397 	0.130 	0.065 	0.197 
002430 	0.400 	0.121 	0.069 	0.213 
002431 	0.404 	0.124 	0.068 	0.208 
002432 	0.411 	0.126 	0.069 	0.193 
002433 	0.414 	0.122 	0.071 	0.192 
002434 	0.426 	0.118 	0.067 	0.200 
002435 	0.432 	0.120 	0.066 	0.198 
002436 	0.435 	0.121 	0.068 	0.200 
002437 	0.449 	0.115 	0.071 	0.206 
002438 	0.461 	0.117 	0.064 	0.205 
002439 	0.463 	0.119 	0.068 	0.203 
002440 	0.468 	0.114 	0.072 	0.212 
002441 	0.481 	0.116 	0.069 	0.213 
002442 	0.490 	0.120 	0.069 	0.214 
002443 	0.494 	0.118 	0.073 	0.211 
002444 	0.506 	0.119 	0.068 	0.209 
002445 	0.511 	0.122 	0.067 	0.203 
002446 	0.514 	0.125 	0.066 	0.200 
002447 	0.519 	0.125 	0.072 	0.205 
002448 	0.528 	0.128 	0.069 	0.196 
002449 	0.533 	0.129 	0.066 	0.199 
002450 	0.538 	0.130 	0.063 	0.200 
002451 	0.541 	0.132 	0.064 	0.204 
002452 	0.544 	0.142 	0.066 	0.196 
002453 	0.544 	0.143 	0.068 	0.197 
002454 	0.544 	0.145 	0.069 	0.201 
002455 	0.545 	0.144 	0.070 	0.209 
002456 	0.545 	0.145 	0.072 	0.208 
002457 	0.545 	0.147 	0.073 	0.205 
002458 	0.546 	0.146 	0.073 	0.203 
002459 	0.546 	0.145 	0.073 	0.207 
002460 	0.547 	0.145 	0.073 	0.205 
002461 	0.547 	0.144 	0.074 	0.204 
002462 	0.548 	0.144 	0.072 	0.201 
002463 	0.548 	0.144 	0.070 	0.202 
002464 	0.547 	0.145 	0.072 	0.201 
002465 	0.546 	0.144 	0.072 	0.203 
002466 	0.546 	0.146 	0.071 	0.199 
002467 	0.544 	0.145 	0.071 	0.204 
002468 	0.544 	0.144 	0.072 	0.210 
002469 	0.544 	0.145 	0.072 	0.209 
002470 	0.544 	0.143 	0.071 	0.214 
002471 	0.544 	0.142 	0.070 	0.208 
002472 	0.545 	0.144 	0.067 	0.194 
002473 	0.546 	0.144 	0.067 	0.196 
002474 	0.546 	0.144 	0.068 	0.201 
002475 	0.545 	0.143 	0.069 	0.201 
002476 	0.544 	0.142 	0.071 	0.203 
002477 	0.543 	0.142 	0.074 	0.215 
002478 	0.543 	0.142 	0.073 	0.216 
002479 	0.543 	0.142 	0.072 	0.213 
002480 	0.543 	0.143 	0.072 	0.208 
002481 	0.544 	0.143 	0.071 	0.207 
002482 	0.543 	0.143 	0.072 	0.204 
002483 	0.543 	0.143 	0.071 	0.203 
002484 	0.544 	0.143 	0.071 	0.206 
002485 	0.544 	0.143 	0.072 	0.206 
002486 	0.544 	0.143 	0.071 	0.205 
002487 	0.545 	0.143 	0.073 	0.202 
002488 	0.546 	0.142 	0.073 	0.205 
002489 	0.554 	0.142 	0.071 	0.203 
002490 	0.555 	0.143 	0.070 	0.205 
002491 	0.556 	0.141 	0.071 	0.208 
002492 	0.558 	0.143 	0.070 	0.212 
002493 	0.558 	0.143 	0.071 	0.214 
002494 	0.558 	0.144 	0.072 	0.214 
002495 	0.559 	0.146 	0.071 	0.213 
002496 	0.559 	0.146 	0.072 	0.216 
002497 	0.560 	0.148 	0.072 	0.212 
002498 	0.560 	0.152 	0.071 	0.209 
002499 	0.561 	0.152 	0.070 	0.207 
002500 	0.561 	0.153 	0.070 	0.208 
002501 	0.561 	0.154 	0.070 	0.207 
002502 	0.564 	0.157 	0.071 	0.204 
002503 	0.565 	0.160 	0.072 	0.202 
002504 	0.566 	0.162 	0.072 	0.202 
002505 	0.565 	0.162 	0.074 	0.200 

WORD START END ASDSCORE
IS 0.09 0.21 14.3
BECAUSE 0.21 0.45 11.4
WE 0.45 0.51 7.6
ARE 0.51 0.56 7.6
GOING 0.56 0.69 7.6
TO 0.69 0.75 8.0
HAVE 0.75 1.03 9.5
ABOUT 1.03 1.39 10.5
1 1.39 1.86 10.5
8 1.86 2.16 6.0
BILLION 2.16 2.66 3.8
NEW 2.66 2.93 4.1
PEOPLE 2.93 3.40 4.8
ENTERING 3.40 3.73 7.4
THE 3.73 3.79 6.5
MIDDLE 3.79 4.00 5.1
CLASS 4.00 4.47 3.0
