Text:  TO KEEP OXYGEN OUT ANOTHER ONE TO DEAL WITH OILS ANOTHER ONE TO COLOR IT GREEN 
Conf:  4
Ref:   0FkuRwU8HFc

FRAME 	X 	Y 	W 	H 
010234 	0.603 	0.088 	0.115 	0.317 
010235 	0.605 	0.089 	0.116 	0.315 
010236 	0.607 	0.086 	0.121 	0.318 
010237 	0.611 	0.089 	0.119 	0.314 
010238 	0.614 	0.086 	0.120 	0.322 
010239 	0.615 	0.086 	0.118 	0.322 
010240 	0.616 	0.086 	0.117 	0.325 
010241 	0.613 	0.086 	0.119 	0.328 
010242 	0.613 	0.086 	0.117 	0.327 
010243 	0.610 	0.084 	0.118 	0.325 
010244 	0.610 	0.086 	0.115 	0.320 
010245 	0.609 	0.083 	0.114 	0.322 
010246 	0.606 	0.086 	0.115 	0.319 
010247 	0.604 	0.083 	0.114 	0.332 
010248 	0.599 	0.082 	0.115 	0.341 
010249 	0.598 	0.085 	0.113 	0.324 
010250 	0.596 	0.093 	0.115 	0.308 
010251 	0.594 	0.094 	0.114 	0.303 
010252 	0.594 	0.092 	0.114 	0.304 
010253 	0.594 	0.092 	0.112 	0.300 
010254 	0.590 	0.089 	0.112 	0.307 
010255 	0.588 	0.093 	0.112 	0.305 
010256 	0.585 	0.088 	0.112 	0.312 
010257 	0.584 	0.089 	0.113 	0.308 
010258 	0.580 	0.085 	0.114 	0.317 
010259 	0.575 	0.073 	0.114 	0.336 
010260 	0.575 	0.072 	0.112 	0.339 
010261 	0.573 	0.073 	0.115 	0.337 
010262 	0.575 	0.075 	0.110 	0.330 
010263 	0.575 	0.081 	0.113 	0.314 
010264 	0.579 	0.081 	0.110 	0.307 
010265 	0.580 	0.080 	0.111 	0.309 
010266 	0.582 	0.080 	0.108 	0.321 
010267 	0.584 	0.081 	0.108 	0.323 
010268 	0.590 	0.089 	0.105 	0.312 
010269 	0.594 	0.088 	0.107 	0.311 
010270 	0.594 	0.083 	0.109 	0.319 
010271 	0.594 	0.078 	0.113 	0.335 
010272 	0.598 	0.083 	0.110 	0.335 
010273 	0.599 	0.090 	0.113 	0.327 
010274 	0.601 	0.108 	0.115 	0.309 
010275 	0.603 	0.108 	0.115 	0.310 
010276 	0.608 	0.109 	0.112 	0.311 
010277 	0.608 	0.108 	0.113 	0.313 
010278 	0.608 	0.106 	0.115 	0.318 
010279 	0.609 	0.106 	0.117 	0.307 
010280 	0.608 	0.104 	0.118 	0.310 
010281 	0.610 	0.104 	0.117 	0.311 
010282 	0.609 	0.104 	0.117 	0.311 
010283 	0.610 	0.101 	0.116 	0.314 
010284 	0.607 	0.103 	0.117 	0.312 
010285 	0.607 	0.104 	0.115 	0.315 
010286 	0.606 	0.103 	0.115 	0.313 
010287 	0.606 	0.100 	0.114 	0.317 
010288 	0.605 	0.098 	0.112 	0.312 
010289 	0.601 	0.087 	0.112 	0.321 
010290 	0.596 	0.088 	0.114 	0.321 
010291 	0.593 	0.088 	0.113 	0.318 
010292 	0.589 	0.089 	0.114 	0.317 
010293 	0.588 	0.088 	0.112 	0.318 
010294 	0.584 	0.080 	0.111 	0.323 
010295 	0.579 	0.077 	0.109 	0.324 
010296 	0.570 	0.077 	0.116 	0.325 
010297 	0.570 	0.076 	0.111 	0.323 
010298 	0.568 	0.076 	0.109 	0.321 
010299 	0.564 	0.080 	0.107 	0.312 
010300 	0.565 	0.081 	0.104 	0.311 
010301 	0.562 	0.078 	0.104 	0.316 
010302 	0.561 	0.080 	0.103 	0.319 
010303 	0.561 	0.082 	0.103 	0.318 
010304 	0.558 	0.077 	0.110 	0.330 
010305 	0.557 	0.077 	0.111 	0.338 
010306 	0.559 	0.078 	0.111 	0.339 
010307 	0.560 	0.082 	0.112 	0.339 
010308 	0.559 	0.088 	0.113 	0.328 
010309 	0.560 	0.101 	0.117 	0.318 
010310 	0.560 	0.100 	0.117 	0.320 
010311 	0.560 	0.102 	0.118 	0.319 
010312 	0.561 	0.102 	0.119 	0.318 
010313 	0.563 	0.105 	0.120 	0.310 
010314 	0.566 	0.105 	0.121 	0.314 
010315 	0.568 	0.105 	0.120 	0.314 
010316 	0.567 	0.105 	0.120 	0.311 
010317 	0.566 	0.102 	0.121 	0.316 
010318 	0.565 	0.101 	0.120 	0.326 
010319 	0.564 	0.094 	0.119 	0.340 
010320 	0.562 	0.095 	0.120 	0.335 
010321 	0.561 	0.101 	0.120 	0.320 
010322 	0.562 	0.102 	0.117 	0.316 
010323 	0.561 	0.098 	0.117 	0.319 
010324 	0.556 	0.092 	0.119 	0.321 
010325 	0.556 	0.094 	0.115 	0.317 
010326 	0.554 	0.093 	0.115 	0.315 
010327 	0.552 	0.096 	0.115 	0.312 
010328 	0.549 	0.094 	0.115 	0.313 
010329 	0.545 	0.091 	0.112 	0.315 
010330 	0.540 	0.091 	0.113 	0.314 
010331 	0.536 	0.091 	0.113 	0.313 
010332 	0.533 	0.090 	0.114 	0.315 
010333 	0.527 	0.081 	0.115 	0.320 
010334 	0.514 	0.081 	0.113 	0.330 
010335 	0.510 	0.085 	0.111 	0.322 
010336 	0.503 	0.085 	0.108 	0.317 
010337 	0.493 	0.081 	0.112 	0.320 
010338 	0.487 	0.086 	0.115 	0.315 
010339 	0.478 	0.078 	0.114 	0.325 
010340 	0.472 	0.079 	0.115 	0.322 

WORD START END ASDSCORE
TO 0.08 0.14 4.8
KEEP 0.14 0.42 8.6
OXYGEN 0.42 0.94 7.8
OUT 0.94 1.23 6.9
ANOTHER 1.23 1.59 6.9
ONE 1.59 1.75 8.8
TO 1.75 1.81 8.5
DEAL 1.81 2.09 7.2
WITH 2.09 2.20 7.1
OILS 2.20 2.58 7.7
ANOTHER 2.58 2.94 7.2
ONE 2.94 3.13 10.3
TO 3.13 3.20 10.2
COLOR 3.20 3.60 5.4
IT 3.60 3.76 5.2
GREEN 3.76 4.17 7.1
