Text:  DAY I'M AT WORK AND I'M TELLING MY PAINT STORY TO A COLLEAGUE OF MINE AND HE SAID OH 
Conf:  2
Ref:   0FkuRwU8HFc

FRAME 	X 	Y 	W 	H 
006747 	0.670 	0.125 	0.158 	0.453 
006748 	0.666 	0.121 	0.161 	0.453 
006749 	0.662 	0.121 	0.166 	0.442 
006750 	0.660 	0.124 	0.165 	0.437 
006751 	0.658 	0.118 	0.165 	0.438 
006752 	0.657 	0.115 	0.165 	0.445 
006753 	0.656 	0.110 	0.162 	0.456 
006754 	0.655 	0.108 	0.161 	0.463 
006755 	0.655 	0.105 	0.158 	0.470 
006756 	0.652 	0.109 	0.163 	0.454 
006757 	0.651 	0.114 	0.162 	0.449 
006758 	0.649 	0.117 	0.161 	0.445 
006759 	0.647 	0.117 	0.161 	0.447 
006760 	0.646 	0.109 	0.161 	0.457 
006761 	0.644 	0.111 	0.162 	0.454 
006762 	0.643 	0.110 	0.162 	0.457 
006763 	0.638 	0.122 	0.161 	0.442 
006764 	0.633 	0.125 	0.166 	0.440 
006765 	0.632 	0.121 	0.166 	0.445 
006766 	0.632 	0.124 	0.165 	0.441 
006767 	0.631 	0.123 	0.168 	0.439 
006768 	0.632 	0.118 	0.166 	0.444 
006769 	0.634 	0.117 	0.165 	0.448 
006770 	0.634 	0.116 	0.165 	0.450 
006771 	0.628 	0.105 	0.174 	0.464 
006772 	0.626 	0.103 	0.174 	0.473 
006773 	0.624 	0.105 	0.176 	0.468 
006774 	0.623 	0.105 	0.176 	0.467 
006775 	0.623 	0.105 	0.178 	0.460 
006776 	0.624 	0.100 	0.179 	0.460 
006777 	0.622 	0.102 	0.182 	0.451 
006778 	0.622 	0.106 	0.178 	0.461 
006779 	0.619 	0.109 	0.177 	0.461 
006780 	0.624 	0.131 	0.163 	0.428 
006781 	0.616 	0.106 	0.174 	0.457 
006782 	0.621 	0.130 	0.163 	0.433 
006783 	0.621 	0.129 	0.163 	0.429 
006784 	0.622 	0.133 	0.164 	0.424 
006785 	0.621 	0.134 	0.165 	0.420 
006786 	0.625 	0.129 	0.164 	0.437 
006787 	0.624 	0.132 	0.168 	0.426 
006788 	0.628 	0.131 	0.168 	0.432 
006789 	0.626 	0.139 	0.167 	0.425 
006790 	0.624 	0.135 	0.165 	0.435 
006791 	0.622 	0.136 	0.164 	0.438 
006792 	0.617 	0.124 	0.173 	0.457 
006793 	0.616 	0.138 	0.163 	0.433 
006794 	0.608 	0.125 	0.171 	0.444 
006795 	0.607 	0.128 	0.172 	0.434 
006796 	0.606 	0.127 	0.172 	0.435 
006797 	0.611 	0.141 	0.165 	0.426 
006798 	0.618 	0.129 	0.164 	0.419 
006799 	0.619 	0.128 	0.164 	0.416 
006800 	0.623 	0.122 	0.163 	0.429 
006801 	0.626 	0.118 	0.161 	0.431 
006802 	0.625 	0.116 	0.163 	0.431 
006803 	0.626 	0.112 	0.164 	0.439 
006804 	0.627 	0.113 	0.164 	0.442 
006805 	0.622 	0.099 	0.173 	0.460 
006806 	0.629 	0.108 	0.164 	0.452 
006807 	0.631 	0.108 	0.163 	0.455 
006808 	0.631 	0.107 	0.165 	0.451 
006809 	0.633 	0.108 	0.164 	0.453 
006810 	0.638 	0.110 	0.162 	0.443 
006811 	0.638 	0.111 	0.163 	0.438 
006812 	0.641 	0.110 	0.161 	0.443 
006813 	0.645 	0.109 	0.161 	0.450 
006814 	0.647 	0.104 	0.161 	0.455 
006815 	0.647 	0.104 	0.162 	0.451 
006816 	0.650 	0.103 	0.161 	0.454 
006817 	0.650 	0.104 	0.160 	0.444 
006818 	0.648 	0.095 	0.162 	0.462 
006819 	0.648 	0.099 	0.164 	0.455 
006820 	0.648 	0.099 	0.162 	0.458 
006821 	0.646 	0.103 	0.162 	0.454 
006822 	0.648 	0.106 	0.159 	0.455 
006823 	0.648 	0.097 	0.155 	0.459 
006824 	0.650 	0.098 	0.154 	0.460 
006825 	0.649 	0.099 	0.156 	0.452 
006826 	0.651 	0.099 	0.155 	0.447 
006827 	0.650 	0.102 	0.160 	0.452 
006828 	0.651 	0.104 	0.160 	0.450 
006829 	0.652 	0.108 	0.159 	0.445 
006830 	0.652 	0.107 	0.159 	0.444 
006831 	0.651 	0.109 	0.159 	0.432 
006832 	0.652 	0.109 	0.159 	0.435 
006833 	0.653 	0.100 	0.156 	0.447 
006834 	0.652 	0.101 	0.156 	0.449 
006835 	0.652 	0.101 	0.156 	0.449 
006836 	0.653 	0.100 	0.154 	0.453 
006837 	0.651 	0.099 	0.156 	0.458 
006838 	0.650 	0.106 	0.160 	0.455 
006839 	0.650 	0.105 	0.160 	0.456 
006840 	0.651 	0.105 	0.160 	0.460 
006841 	0.651 	0.100 	0.156 	0.453 
006842 	0.638 	0.095 	0.173 	0.479 
006843 	0.651 	0.097 	0.156 	0.455 
006844 	0.650 	0.098 	0.156 	0.457 
006845 	0.650 	0.101 	0.155 	0.448 
006846 	0.648 	0.099 	0.160 	0.460 
006847 	0.648 	0.097 	0.159 	0.460 
006848 	0.648 	0.101 	0.161 	0.454 
006849 	0.647 	0.102 	0.162 	0.453 
006850 	0.647 	0.106 	0.162 	0.446 
006851 	0.648 	0.106 	0.162 	0.445 
006852 	0.649 	0.106 	0.160 	0.452 
006853 	0.649 	0.103 	0.160 	0.454 
006854 	0.648 	0.101 	0.161 	0.455 
006855 	0.649 	0.106 	0.159 	0.450 
006856 	0.647 	0.106 	0.159 	0.449 
006857 	0.649 	0.099 	0.156 	0.460 
006858 	0.648 	0.096 	0.153 	0.443 
006859 	0.648 	0.097 	0.152 	0.436 
006860 	0.647 	0.097 	0.152 	0.430 
006861 	0.644 	0.102 	0.157 	0.415 
006862 	0.645 	0.102 	0.158 	0.413 

WORD START END ASDSCORE
DAY 0.10 0.25 9.4
I'M 0.25 0.37 11.4
AT 0.37 0.58 10.7
WORK 0.58 0.90 7.8
AND 0.90 1.03 4.5
I'M 1.03 1.11 4.3
TELLING 1.11 1.45 3.0
MY 1.45 1.60 4.3
PAINT 1.60 1.89 7.1
STORY 1.89 2.49 10.0
TO 2.49 2.77 6.9
A 2.77 2.83 5.2
COLLEAGUE 2.83 3.22 3.2
OF 3.22 3.32 3.6
MINE 3.32 3.63 6.2
AND 3.63 3.81 5.7
HE 3.81 4.01 4.6
SAID 4.01 4.26 7.0
OH 4.26 4.51 6.1
