Text:  AND WHEN WE'RE DONE WITH OUR STUFF WE PILE 
Conf:  1
Ref:   0FkuRwU8HFc

FRAME 	X 	Y 	W 	H 
008389 	0.289 	0.066 	0.168 	0.466 
008390 	0.303 	0.080 	0.154 	0.450 
008391 	0.303 	0.080 	0.154 	0.447 
008392 	0.304 	0.083 	0.153 	0.445 
008393 	0.306 	0.079 	0.150 	0.455 
008394 	0.303 	0.081 	0.152 	0.450 
008395 	0.303 	0.081 	0.153 	0.451 
008396 	0.292 	0.065 	0.168 	0.470 
008397 	0.295 	0.071 	0.170 	0.465 
008398 	0.297 	0.066 	0.171 	0.463 
008399 	0.299 	0.060 	0.170 	0.470 
008400 	0.299 	0.058 	0.172 	0.467 
008401 	0.303 	0.054 	0.174 	0.463 
008402 	0.304 	0.055 	0.177 	0.449 
008403 	0.307 	0.055 	0.178 	0.448 
008404 	0.311 	0.052 	0.178 	0.457 
008405 	0.318 	0.057 	0.176 	0.470 
008406 	0.321 	0.055 	0.176 	0.477 
008407 	0.344 	0.073 	0.162 	0.459 
008408 	0.350 	0.077 	0.158 	0.457 
008409 	0.352 	0.080 	0.158 	0.459 
008410 	0.354 	0.082 	0.158 	0.456 
008411 	0.356 	0.087 	0.158 	0.449 
008412 	0.357 	0.086 	0.158 	0.446 
008413 	0.357 	0.089 	0.159 	0.445 
008414 	0.356 	0.089 	0.159 	0.445 
008415 	0.357 	0.087 	0.160 	0.449 
008416 	0.357 	0.088 	0.158 	0.448 
008417 	0.358 	0.085 	0.158 	0.453 
008418 	0.355 	0.086 	0.158 	0.440 
008419 	0.353 	0.086 	0.158 	0.447 
008420 	0.352 	0.083 	0.158 	0.451 
008421 	0.350 	0.082 	0.159 	0.454 
008422 	0.348 	0.082 	0.158 	0.448 
008423 	0.345 	0.080 	0.161 	0.440 
008424 	0.344 	0.078 	0.161 	0.444 
008425 	0.341 	0.081 	0.159 	0.440 
008426 	0.338 	0.079 	0.159 	0.443 
008427 	0.332 	0.078 	0.160 	0.443 
008428 	0.329 	0.074 	0.157 	0.446 
008429 	0.323 	0.066 	0.160 	0.459 
008430 	0.321 	0.064 	0.160 	0.451 
008431 	0.316 	0.057 	0.161 	0.454 
008432 	0.313 	0.062 	0.161 	0.452 
008433 	0.312 	0.066 	0.160 	0.445 
008434 	0.314 	0.063 	0.157 	0.449 
008435 	0.314 	0.063 	0.157 	0.450 
008436 	0.315 	0.056 	0.159 	0.469 
008437 	0.311 	0.051 	0.169 	0.484 
008438 	0.316 	0.063 	0.170 	0.514 
008439 	0.318 	0.073 	0.170 	0.506 
008440 	0.329 	0.081 	0.155 	0.476 
008441 	0.328 	0.073 	0.154 	0.475 
008442 	0.324 	0.071 	0.156 	0.462 
008443 	0.313 	0.074 	0.155 	0.459 
008444 	0.291 	0.085 	0.173 	0.470 
008445 	0.280 	0.123 	0.171 	0.468 
008446 	0.272 	0.161 	0.176 	0.464 

WORD START END ASDSCORE
AND 0.08 0.20 4.1
WHEN 0.20 0.31 4.4
WE'RE 0.31 0.47 5.3
DONE 0.47 0.71 5.7
WITH 0.71 0.86 3.7
OUR 0.86 0.97 2.3
STUFF 0.97 1.31 6.6
WE 1.52 1.64 5.2
PILE 1.76 2.20 8.0
