Text:  OF COURSE YOU FELT BETTER BECAUSE NOW YOU'RE BREATHING FRESH AIR BUT THE FACT 
Conf:  4
Ref:   0FkuRwU8HFc

FRAME 	X 	Y 	W 	H 
006248 	0.232 	0.073 	0.152 	0.406 
006249 	0.229 	0.076 	0.156 	0.407 
006250 	0.234 	0.079 	0.154 	0.412 
006251 	0.237 	0.085 	0.153 	0.408 
006252 	0.237 	0.079 	0.150 	0.418 
006253 	0.232 	0.073 	0.151 	0.425 
006254 	0.227 	0.068 	0.150 	0.424 
006255 	0.218 	0.057 	0.156 	0.428 
006256 	0.219 	0.060 	0.158 	0.422 
006257 	0.225 	0.065 	0.156 	0.415 
006258 	0.230 	0.059 	0.154 	0.424 
006259 	0.234 	0.071 	0.157 	0.413 
006260 	0.247 	0.078 	0.144 	0.411 
006261 	0.251 	0.081 	0.141 	0.409 
006262 	0.251 	0.079 	0.140 	0.413 
006263 	0.244 	0.071 	0.151 	0.406 
006264 	0.238 	0.064 	0.155 	0.414 
006265 	0.234 	0.062 	0.158 	0.441 
006266 	0.237 	0.067 	0.160 	0.430 
006267 	0.242 	0.076 	0.157 	0.413 
006268 	0.249 	0.077 	0.154 	0.412 
006269 	0.256 	0.078 	0.150 	0.414 
006270 	0.264 	0.084 	0.149 	0.425 
006271 	0.268 	0.076 	0.148 	0.435 
006272 	0.266 	0.075 	0.150 	0.432 
006273 	0.263 	0.078 	0.152 	0.429 
006274 	0.261 	0.075 	0.154 	0.427 
006275 	0.260 	0.069 	0.156 	0.442 
006276 	0.260 	0.075 	0.160 	0.434 
006277 	0.265 	0.075 	0.158 	0.444 
006278 	0.275 	0.077 	0.156 	0.442 
006279 	0.281 	0.081 	0.153 	0.434 
006280 	0.295 	0.088 	0.149 	0.415 
006281 	0.294 	0.087 	0.153 	0.415 
006282 	0.293 	0.091 	0.152 	0.411 
006283 	0.289 	0.092 	0.155 	0.409 
006284 	0.285 	0.080 	0.157 	0.426 
006285 	0.286 	0.079 	0.153 	0.444 
006286 	0.290 	0.082 	0.155 	0.437 
006287 	0.293 	0.085 	0.157 	0.435 
006288 	0.300 	0.084 	0.148 	0.427 
006289 	0.303 	0.081 	0.149 	0.417 
006290 	0.308 	0.081 	0.150 	0.417 
006291 	0.314 	0.080 	0.146 	0.432 
006292 	0.320 	0.082 	0.146 	0.437 
006293 	0.327 	0.079 	0.148 	0.434 
006294 	0.337 	0.073 	0.145 	0.448 
006295 	0.349 	0.073 	0.148 	0.447 
006296 	0.355 	0.072 	0.145 	0.442 
006297 	0.356 	0.074 	0.147 	0.431 
006298 	0.357 	0.060 	0.151 	0.459 
006299 	0.358 	0.063 	0.153 	0.453 
006300 	0.367 	0.062 	0.155 	0.446 
006301 	0.373 	0.067 	0.154 	0.434 
006302 	0.381 	0.068 	0.151 	0.434 
006303 	0.384 	0.063 	0.150 	0.438 
006304 	0.382 	0.066 	0.151 	0.437 
006305 	0.375 	0.074 	0.157 	0.426 
006306 	0.368 	0.077 	0.160 	0.426 
006307 	0.371 	0.075 	0.157 	0.428 
006308 	0.375 	0.072 	0.156 	0.426 
006309 	0.382 	0.070 	0.158 	0.427 
006310 	0.390 	0.070 	0.159 	0.416 
006311 	0.396 	0.070 	0.157 	0.420 
006312 	0.402 	0.068 	0.153 	0.421 
006313 	0.400 	0.066 	0.152 	0.427 
006314 	0.394 	0.062 	0.156 	0.447 
006315 	0.385 	0.050 	0.165 	0.467 
006316 	0.398 	0.062 	0.156 	0.437 
006317 	0.389 	0.045 	0.164 	0.466 
006318 	0.408 	0.060 	0.149 	0.439 
006319 	0.410 	0.061 	0.149 	0.447 
006320 	0.416 	0.057 	0.149 	0.451 
006321 	0.417 	0.057 	0.150 	0.452 
006322 	0.423 	0.066 	0.149 	0.445 
006323 	0.425 	0.067 	0.150 	0.442 
006324 	0.426 	0.064 	0.153 	0.445 
006325 	0.432 	0.054 	0.150 	0.457 
006326 	0.435 	0.050 	0.149 	0.464 
006327 	0.438 	0.050 	0.147 	0.456 
006328 	0.437 	0.052 	0.150 	0.457 
006329 	0.438 	0.052 	0.153 	0.453 
006330 	0.441 	0.047 	0.149 	0.452 
006331 	0.444 	0.047 	0.147 	0.450 
006332 	0.447 	0.047 	0.145 	0.453 
006333 	0.446 	0.051 	0.152 	0.472 
006334 	0.450 	0.051 	0.149 	0.442 
006335 	0.453 	0.052 	0.153 	0.420 
006336 	0.460 	0.049 	0.146 	0.419 
006337 	0.461 	0.049 	0.149 	0.419 
006338 	0.463 	0.057 	0.151 	0.426 
006339 	0.466 	0.056 	0.154 	0.420 
006340 	0.473 	0.053 	0.154 	0.425 
006341 	0.476 	0.053 	0.155 	0.429 
006342 	0.480 	0.054 	0.156 	0.427 
006343 	0.488 	0.053 	0.154 	0.430 
006344 	0.491 	0.056 	0.155 	0.425 
006345 	0.488 	0.039 	0.164 	0.480 
006346 	0.491 	0.042 	0.164 	0.483 
006347 	0.493 	0.041 	0.164 	0.484 
006348 	0.502 	0.041 	0.161 	0.469 
006349 	0.516 	0.062 	0.153 	0.440 
006350 	0.525 	0.056 	0.151 	0.447 
006351 	0.529 	0.061 	0.152 	0.442 

WORD START END ASDSCORE
OF 0.09 0.22 3.1
COURSE 0.22 0.47 3.3
YOU 0.47 0.54 3.4
FELT 0.54 0.75 4.5
BETTER 0.75 1.07 6.0
BECAUSE 1.07 1.34 7.6
NOW 1.34 1.58 7.8
YOU'RE 1.64 1.87 7.9
BREATHING 1.87 2.16 8.0
FRESH 2.51 2.77 7.1
AIR 2.77 3.01 8.6
BUT 3.48 3.59 5.4
THE 3.59 3.65 6.2
FACT 3.65 4.03 9.1
