Text:  COLD SO THE WINDOWS AND THE DOORS ARE CLOSED AND I GET THIS MASSIVE HEADACHE I KEEP 
Conf:  3
Ref:   0FkuRwU8HFc

FRAME 	X 	Y 	W 	H 
005810 	0.505 	0.078 	0.151 	0.414 
005811 	0.505 	0.079 	0.151 	0.412 
005812 	0.506 	0.078 	0.151 	0.404 
005813 	0.507 	0.080 	0.151 	0.402 
005814 	0.506 	0.081 	0.150 	0.400 
005815 	0.507 	0.083 	0.150 	0.396 
005816 	0.506 	0.081 	0.150 	0.397 
005817 	0.506 	0.085 	0.148 	0.404 
005818 	0.507 	0.088 	0.149 	0.392 
005819 	0.507 	0.090 	0.150 	0.395 
005820 	0.506 	0.092 	0.151 	0.398 
005821 	0.507 	0.090 	0.151 	0.396 
005822 	0.507 	0.093 	0.152 	0.388 
005823 	0.509 	0.092 	0.151 	0.392 
005824 	0.512 	0.094 	0.149 	0.390 
005825 	0.511 	0.099 	0.152 	0.379 
005826 	0.512 	0.096 	0.153 	0.384 
005827 	0.515 	0.094 	0.154 	0.382 
005828 	0.519 	0.096 	0.153 	0.377 
005829 	0.519 	0.098 	0.154 	0.383 
005830 	0.523 	0.101 	0.152 	0.378 
005831 	0.522 	0.101 	0.152 	0.372 
005832 	0.524 	0.106 	0.151 	0.376 
005833 	0.524 	0.107 	0.151 	0.379 
005834 	0.524 	0.107 	0.150 	0.378 
005835 	0.523 	0.106 	0.151 	0.373 
005836 	0.521 	0.103 	0.153 	0.371 
005837 	0.519 	0.102 	0.152 	0.370 
005838 	0.520 	0.101 	0.153 	0.376 
005839 	0.520 	0.101 	0.153 	0.379 
005840 	0.520 	0.102 	0.153 	0.373 
005841 	0.521 	0.099 	0.153 	0.379 
005842 	0.522 	0.101 	0.152 	0.373 
005843 	0.522 	0.100 	0.152 	0.380 
005844 	0.523 	0.099 	0.150 	0.383 
005845 	0.523 	0.101 	0.152 	0.377 
005846 	0.523 	0.099 	0.152 	0.382 
005847 	0.522 	0.100 	0.153 	0.379 
005848 	0.522 	0.097 	0.153 	0.383 
005849 	0.522 	0.098 	0.153 	0.386 
005850 	0.522 	0.095 	0.153 	0.388 
005851 	0.522 	0.097 	0.153 	0.387 
005852 	0.521 	0.099 	0.154 	0.381 
005853 	0.521 	0.096 	0.154 	0.390 
005854 	0.520 	0.098 	0.154 	0.388 
005855 	0.518 	0.096 	0.153 	0.391 
005856 	0.517 	0.095 	0.152 	0.394 
005857 	0.514 	0.097 	0.152 	0.382 
005858 	0.512 	0.095 	0.153 	0.383 
005859 	0.510 	0.093 	0.153 	0.389 
005860 	0.512 	0.091 	0.152 	0.398 
005861 	0.510 	0.095 	0.151 	0.393 
005862 	0.507 	0.094 	0.150 	0.403 
005863 	0.504 	0.096 	0.150 	0.399 
005864 	0.502 	0.091 	0.151 	0.402 
005865 	0.500 	0.091 	0.154 	0.400 
005866 	0.496 	0.092 	0.155 	0.398 
005867 	0.494 	0.091 	0.156 	0.397 
005868 	0.491 	0.092 	0.155 	0.400 
005869 	0.489 	0.091 	0.153 	0.398 
005870 	0.487 	0.090 	0.156 	0.397 
005871 	0.486 	0.092 	0.154 	0.390 
005872 	0.486 	0.087 	0.151 	0.407 
005873 	0.487 	0.091 	0.150 	0.403 
005874 	0.487 	0.087 	0.149 	0.421 
005875 	0.488 	0.091 	0.149 	0.409 
005876 	0.490 	0.093 	0.150 	0.402 
005877 	0.492 	0.098 	0.152 	0.395 
005878 	0.492 	0.096 	0.153 	0.393 
005879 	0.493 	0.094 	0.151 	0.392 
005880 	0.493 	0.091 	0.149 	0.400 
005881 	0.493 	0.089 	0.149 	0.408 
005882 	0.492 	0.092 	0.146 	0.410 
005883 	0.491 	0.095 	0.145 	0.417 
005884 	0.489 	0.099 	0.145 	0.412 
005885 	0.488 	0.100 	0.144 	0.407 
005886 	0.488 	0.101 	0.143 	0.401 
005887 	0.487 	0.096 	0.142 	0.413 
005888 	0.485 	0.096 	0.141 	0.414 
005889 	0.483 	0.097 	0.144 	0.412 
005890 	0.480 	0.102 	0.144 	0.411 
005891 	0.475 	0.105 	0.144 	0.413 
005892 	0.468 	0.114 	0.141 	0.416 
005893 	0.462 	0.115 	0.143 	0.414 
005894 	0.466 	0.121 	0.134 	0.410 
005895 	0.463 	0.114 	0.131 	0.421 
005896 	0.460 	0.116 	0.131 	0.416 
005897 	0.457 	0.114 	0.126 	0.416 
005898 	0.455 	0.115 	0.126 	0.416 
005899 	0.453 	0.119 	0.126 	0.408 
005900 	0.455 	0.110 	0.128 	0.422 
005901 	0.453 	0.109 	0.128 	0.422 
005902 	0.455 	0.114 	0.131 	0.413 
005903 	0.455 	0.112 	0.132 	0.414 
005904 	0.458 	0.111 	0.133 	0.414 
005905 	0.460 	0.113 	0.137 	0.419 
005906 	0.461 	0.102 	0.139 	0.425 
005907 	0.468 	0.106 	0.145 	0.419 
005908 	0.473 	0.104 	0.145 	0.418 
005909 	0.479 	0.110 	0.146 	0.397 
005910 	0.484 	0.107 	0.149 	0.400 
005911 	0.488 	0.104 	0.152 	0.408 
005912 	0.494 	0.107 	0.150 	0.406 
005913 	0.498 	0.117 	0.149 	0.390 
005914 	0.496 	0.127 	0.152 	0.387 

WORD START END ASDSCORE
COLD 0.08 0.41 8.8
SO 0.41 0.51 8.8
THE 0.51 0.64 8.1
WINDOWS 0.64 0.98 7.2
AND 0.98 1.07 6.8
THE 1.07 1.13 6.6
DOORS 1.13 1.43 7.3
ARE 1.43 1.49 7.6
CLOSED 1.49 1.86 3.6
AND 1.86 1.95 1.7
I 1.95 2.00 3.1
GET 2.00 2.16 5.1
THIS 2.16 2.33 6.2
MASSIVE 2.33 2.67 3.8
HEADACHE 2.67 3.08 3.7
I 3.72 3.87 3.1
KEEP 3.87 4.08 5.4
