Text:  AND THAT IS BECAUSE IT USES FORMALDEHYDE FOR THOSE WHO DON'T KNOW FORMALDEHYDE HAS BEEN LINKED TO CANCER SPECIFICALLY LEUKEMIA IT IS AN ENDOCRINE DISRUPTOR WHICH MEANS IT'S GOING TO MESS WITH YOUR HORMONES IT IS A 
Conf:  1
Ref:   0FkuRwU8HFc

FRAME 	X 	Y 	W 	H 
010851 	0.299 	0.093 	0.111 	0.326 
010852 	0.293 	0.091 	0.113 	0.330 
010853 	0.293 	0.087 	0.111 	0.340 
010854 	0.291 	0.082 	0.112 	0.352 
010855 	0.289 	0.076 	0.112 	0.358 
010856 	0.292 	0.079 	0.108 	0.352 
010857 	0.289 	0.071 	0.110 	0.342 
010858 	0.287 	0.071 	0.112 	0.339 
010859 	0.289 	0.069 	0.110 	0.346 
010860 	0.291 	0.067 	0.108 	0.349 
010861 	0.292 	0.067 	0.107 	0.345 
010862 	0.295 	0.068 	0.106 	0.332 
010863 	0.295 	0.073 	0.107 	0.325 
010864 	0.299 	0.075 	0.104 	0.318 
010865 	0.299 	0.075 	0.106 	0.317 
010866 	0.300 	0.083 	0.107 	0.305 
010867 	0.303 	0.085 	0.104 	0.312 
010868 	0.307 	0.087 	0.102 	0.311 
010869 	0.307 	0.081 	0.102 	0.320 
010870 	0.306 	0.083 	0.104 	0.321 
010871 	0.308 	0.083 	0.102 	0.320 
010872 	0.312 	0.087 	0.098 	0.317 
010873 	0.310 	0.084 	0.101 	0.317 
010874 	0.312 	0.085 	0.100 	0.316 
010875 	0.312 	0.085 	0.099 	0.317 
010876 	0.312 	0.086 	0.100 	0.313 
010877 	0.311 	0.085 	0.101 	0.316 
010878 	0.312 	0.088 	0.101 	0.311 
010879 	0.311 	0.088 	0.101 	0.311 
010880 	0.310 	0.083 	0.103 	0.318 
010881 	0.309 	0.087 	0.103 	0.323 
010882 	0.309 	0.086 	0.106 	0.322 
010883 	0.308 	0.084 	0.107 	0.325 
010884 	0.310 	0.085 	0.103 	0.323 
010885 	0.310 	0.086 	0.106 	0.325 
010886 	0.310 	0.082 	0.107 	0.327 
010887 	0.312 	0.082 	0.104 	0.330 
010888 	0.313 	0.081 	0.103 	0.340 
010889 	0.314 	0.083 	0.104 	0.340 
010890 	0.313 	0.084 	0.104 	0.338 
010891 	0.313 	0.085 	0.105 	0.333 
010892 	0.315 	0.092 	0.102 	0.322 
010893 	0.313 	0.088 	0.103 	0.336 
010894 	0.313 	0.092 	0.102 	0.334 
010895 	0.311 	0.087 	0.104 	0.344 
010896 	0.310 	0.087 	0.104 	0.339 
010897 	0.309 	0.089 	0.104 	0.342 
010898 	0.306 	0.088 	0.106 	0.338 
010899 	0.306 	0.091 	0.107 	0.337 
010900 	0.306 	0.087 	0.107 	0.336 
010901 	0.305 	0.086 	0.106 	0.338 
010902 	0.303 	0.085 	0.107 	0.339 
010903 	0.304 	0.085 	0.104 	0.337 
010904 	0.304 	0.087 	0.104 	0.334 
010905 	0.305 	0.088 	0.101 	0.333 
010906 	0.304 	0.090 	0.102 	0.332 
010907 	0.302 	0.092 	0.102 	0.332 
010908 	0.303 	0.093 	0.100 	0.331 
010909 	0.301 	0.091 	0.102 	0.332 
010910 	0.300 	0.093 	0.102 	0.332 
010911 	0.297 	0.092 	0.104 	0.333 
010912 	0.297 	0.089 	0.103 	0.335 
010913 	0.298 	0.088 	0.101 	0.336 
010914 	0.298 	0.087 	0.103 	0.337 
010915 	0.295 	0.081 	0.104 	0.345 
010916 	0.296 	0.083 	0.100 	0.336 
010917 	0.291 	0.078 	0.104 	0.345 
010918 	0.287 	0.078 	0.107 	0.327 
010919 	0.285 	0.079 	0.108 	0.327 
010920 	0.287 	0.084 	0.108 	0.318 
010921 	0.284 	0.086 	0.110 	0.314 
010922 	0.283 	0.086 	0.111 	0.314 
010923 	0.280 	0.085 	0.113 	0.320 
010924 	0.279 	0.089 	0.114 	0.315 
010925 	0.277 	0.088 	0.113 	0.320 
010926 	0.276 	0.097 	0.116 	0.312 
010927 	0.274 	0.093 	0.116 	0.318 
010928 	0.274 	0.101 	0.114 	0.312 
010929 	0.275 	0.102 	0.112 	0.312 
010930 	0.275 	0.105 	0.111 	0.318 
010931 	0.276 	0.103 	0.109 	0.320 
010932 	0.275 	0.108 	0.109 	0.313 
010933 	0.274 	0.113 	0.112 	0.308 
010934 	0.273 	0.112 	0.111 	0.309 
010935 	0.271 	0.108 	0.113 	0.319 
010936 	0.271 	0.103 	0.112 	0.327 
010937 	0.272 	0.097 	0.112 	0.331 
010938 	0.272 	0.091 	0.113 	0.331 
010939 	0.274 	0.087 	0.110 	0.334 
010940 	0.275 	0.083 	0.110 	0.329 
010941 	0.276 	0.083 	0.110 	0.321 
010942 	0.275 	0.082 	0.113 	0.320 
010943 	0.276 	0.075 	0.116 	0.328 
010944 	0.286 	0.078 	0.110 	0.327 
010945 	0.295 	0.082 	0.107 	0.321 
010946 	0.295 	0.078 	0.114 	0.326 
010947 	0.303 	0.079 	0.110 	0.333 
010948 	0.315 	0.069 	0.115 	0.339 
010949 	0.323 	0.081 	0.111 	0.321 
010950 	0.331 	0.074 	0.107 	0.320 
010951 	0.336 	0.067 	0.109 	0.330 
010952 	0.344 	0.063 	0.105 	0.338 
010953 	0.361 	0.064 	0.104 	0.345 
010954 	0.365 	0.060 	0.106 	0.344 
010955 	0.372 	0.060 	0.106 	0.336 
010956 	0.378 	0.074 	0.103 	0.316 
010957 	0.383 	0.068 	0.104 	0.316 
010958 	0.388 	0.075 	0.107 	0.323 
010959 	0.400 	0.077 	0.100 	0.325 
010960 	0.404 	0.078 	0.102 	0.319 
010961 	0.409 	0.076 	0.102 	0.321 
010962 	0.414 	0.076 	0.103 	0.323 
010963 	0.419 	0.081 	0.105 	0.317 
010964 	0.419 	0.077 	0.106 	0.319 
010965 	0.423 	0.081 	0.104 	0.308 
010966 	0.422 	0.078 	0.106 	0.311 
010967 	0.426 	0.082 	0.105 	0.309 
010968 	0.426 	0.080 	0.107 	0.313 
010969 	0.427 	0.080 	0.108 	0.311 
010970 	0.427 	0.084 	0.106 	0.308 
010971 	0.427 	0.084 	0.106 	0.306 
010972 	0.427 	0.082 	0.107 	0.308 
010973 	0.427 	0.085 	0.107 	0.304 
010974 	0.427 	0.085 	0.108 	0.304 
010975 	0.428 	0.086 	0.108 	0.304 
010976 	0.430 	0.085 	0.107 	0.306 
010977 	0.433 	0.088 	0.106 	0.305 
010978 	0.435 	0.084 	0.106 	0.317 
010979 	0.435 	0.084 	0.106 	0.319 
010980 	0.434 	0.085 	0.109 	0.321 
010981 	0.433 	0.093 	0.110 	0.310 
010982 	0.438 	0.092 	0.105 	0.308 
010983 	0.439 	0.091 	0.105 	0.328 
010984 	0.442 	0.096 	0.102 	0.325 
010985 	0.441 	0.094 	0.105 	0.331 
010986 	0.447 	0.096 	0.101 	0.331 
010987 	0.448 	0.098 	0.101 	0.327 
010988 	0.451 	0.097 	0.100 	0.314 
010989 	0.451 	0.097 	0.101 	0.313 
010990 	0.454 	0.097 	0.101 	0.312 
010991 	0.454 	0.097 	0.101 	0.313 
010992 	0.455 	0.098 	0.100 	0.312 
010993 	0.454 	0.099 	0.102 	0.312 
010994 	0.454 	0.097 	0.101 	0.313 
010995 	0.451 	0.096 	0.104 	0.314 
010996 	0.451 	0.095 	0.105 	0.314 
010997 	0.448 	0.091 	0.108 	0.315 
010998 	0.444 	0.090 	0.110 	0.308 
010999 	0.441 	0.088 	0.113 	0.313 
011000 	0.438 	0.093 	0.117 	0.310 
011001 	0.440 	0.090 	0.113 	0.311 
011002 	0.438 	0.091 	0.115 	0.313 
011003 	0.440 	0.093 	0.111 	0.314 
011004 	0.440 	0.093 	0.111 	0.311 
011005 	0.439 	0.093 	0.112 	0.314 
011006 	0.439 	0.093 	0.114 	0.314 
011007 	0.440 	0.096 	0.111 	0.315 
011008 	0.444 	0.099 	0.108 	0.311 
011009 	0.442 	0.101 	0.109 	0.316 
011010 	0.440 	0.100 	0.110 	0.321 
011011 	0.437 	0.099 	0.112 	0.318 
011012 	0.439 	0.095 	0.111 	0.319 
011013 	0.442 	0.088 	0.109 	0.324 
011014 	0.442 	0.086 	0.110 	0.323 
011015 	0.444 	0.083 	0.107 	0.321 
011016 	0.443 	0.081 	0.108 	0.323 
011017 	0.442 	0.082 	0.109 	0.323 
011018 	0.439 	0.081 	0.111 	0.326 
011019 	0.440 	0.083 	0.111 	0.327 
011020 	0.439 	0.088 	0.111 	0.322 
011021 	0.437 	0.094 	0.112 	0.320 
011022 	0.436 	0.096 	0.112 	0.320 
011023 	0.433 	0.097 	0.114 	0.324 
011024 	0.432 	0.096 	0.115 	0.324 
011025 	0.432 	0.095 	0.114 	0.325 
011026 	0.432 	0.096 	0.116 	0.323 
011027 	0.432 	0.097 	0.115 	0.317 
011028 	0.429 	0.096 	0.116 	0.318 
011029 	0.430 	0.094 	0.116 	0.321 
011030 	0.430 	0.089 	0.115 	0.328 
011031 	0.428 	0.087 	0.118 	0.332 
011032 	0.428 	0.087 	0.116 	0.331 
011033 	0.429 	0.093 	0.115 	0.327 
011034 	0.429 	0.092 	0.113 	0.326 
011035 	0.429 	0.092 	0.114 	0.323 
011036 	0.429 	0.091 	0.114 	0.323 
011037 	0.428 	0.091 	0.114 	0.321 
011038 	0.425 	0.089 	0.116 	0.324 
011039 	0.426 	0.089 	0.115 	0.321 
011040 	0.424 	0.088 	0.115 	0.325 
011041 	0.423 	0.086 	0.116 	0.327 
011042 	0.420 	0.082 	0.118 	0.330 
011043 	0.420 	0.085 	0.114 	0.323 
011044 	0.420 	0.083 	0.114 	0.322 
011045 	0.421 	0.078 	0.112 	0.326 
011046 	0.423 	0.072 	0.108 	0.330 
011047 	0.422 	0.076 	0.108 	0.318 
011048 	0.425 	0.073 	0.102 	0.316 
011049 	0.423 	0.071 	0.104 	0.315 
011050 	0.425 	0.076 	0.101 	0.309 
011051 	0.422 	0.068 	0.103 	0.318 
011052 	0.422 	0.069 	0.102 	0.318 
011053 	0.424 	0.074 	0.102 	0.306 
011054 	0.423 	0.074 	0.102 	0.307 
011055 	0.423 	0.076 	0.102 	0.305 
011056 	0.425 	0.078 	0.101 	0.307 
011057 	0.425 	0.078 	0.102 	0.308 
011058 	0.424 	0.076 	0.103 	0.311 
011059 	0.424 	0.077 	0.104 	0.312 
011060 	0.426 	0.077 	0.105 	0.314 
011061 	0.428 	0.076 	0.104 	0.315 
011062 	0.429 	0.080 	0.104 	0.316 
011063 	0.430 	0.082 	0.103 	0.312 
011064 	0.434 	0.083 	0.102 	0.308 
011065 	0.431 	0.082 	0.105 	0.314 
011066 	0.438 	0.077 	0.102 	0.322 
011067 	0.440 	0.080 	0.103 	0.320 
011068 	0.441 	0.078 	0.104 	0.327 
011069 	0.448 	0.081 	0.101 	0.323 
011070 	0.449 	0.079 	0.102 	0.329 
011071 	0.450 	0.073 	0.104 	0.340 
011072 	0.455 	0.074 	0.104 	0.339 
011073 	0.461 	0.078 	0.107 	0.337 
011074 	0.464 	0.082 	0.110 	0.332 
011075 	0.466 	0.085 	0.110 	0.329 
011076 	0.467 	0.083 	0.113 	0.331 
011077 	0.469 	0.082 	0.114 	0.330 
011078 	0.475 	0.084 	0.115 	0.328 
011079 	0.478 	0.087 	0.113 	0.321 
011080 	0.478 	0.088 	0.113 	0.322 
011081 	0.479 	0.086 	0.115 	0.325 
011082 	0.479 	0.087 	0.114 	0.329 
011083 	0.478 	0.087 	0.116 	0.329 
011084 	0.477 	0.094 	0.117 	0.326 
011085 	0.476 	0.094 	0.118 	0.327 
011086 	0.475 	0.101 	0.119 	0.314 
011087 	0.476 	0.101 	0.115 	0.318 
011088 	0.475 	0.103 	0.116 	0.315 
011089 	0.476 	0.101 	0.115 	0.312 
011090 	0.477 	0.101 	0.115 	0.317 
011091 	0.476 	0.098 	0.116 	0.319 
011092 	0.476 	0.100 	0.117 	0.318 
011093 	0.475 	0.100 	0.118 	0.315 
011094 	0.472 	0.102 	0.120 	0.316 
011095 	0.471 	0.107 	0.118 	0.315 
011096 	0.469 	0.110 	0.117 	0.313 
011097 	0.468 	0.113 	0.117 	0.312 
011098 	0.466 	0.113 	0.117 	0.315 
011099 	0.466 	0.113 	0.118 	0.318 
011100 	0.467 	0.116 	0.117 	0.309 
011101 	0.466 	0.112 	0.118 	0.314 
011102 	0.466 	0.112 	0.116 	0.319 
011103 	0.466 	0.113 	0.115 	0.315 
011104 	0.463 	0.115 	0.117 	0.313 
011105 	0.462 	0.117 	0.115 	0.313 
011106 	0.462 	0.123 	0.115 	0.309 
011107 	0.461 	0.125 	0.115 	0.305 
011108 	0.460 	0.127 	0.115 	0.303 
011109 	0.460 	0.124 	0.116 	0.310 
011110 	0.460 	0.120 	0.117 	0.309 
011111 	0.456 	0.118 	0.119 	0.308 
011112 	0.457 	0.113 	0.118 	0.308 
011113 	0.456 	0.111 	0.117 	0.307 
011114 	0.454 	0.108 	0.117 	0.305 
011115 	0.454 	0.105 	0.118 	0.308 
011116 	0.455 	0.105 	0.115 	0.313 
011117 	0.455 	0.105 	0.115 	0.313 
011118 	0.454 	0.105 	0.118 	0.310 
011119 	0.453 	0.104 	0.117 	0.320 
011120 	0.451 	0.106 	0.118 	0.318 
011121 	0.453 	0.111 	0.116 	0.317 
011122 	0.451 	0.120 	0.117 	0.311 
011123 	0.453 	0.124 	0.113 	0.307 
011124 	0.448 	0.128 	0.113 	0.307 
011125 	0.447 	0.125 	0.113 	0.307 
011126 	0.447 	0.125 	0.113 	0.308 
011127 	0.447 	0.123 	0.113 	0.311 
011128 	0.447 	0.122 	0.112 	0.309 
011129 	0.449 	0.124 	0.111 	0.306 
011130 	0.452 	0.121 	0.109 	0.305 
011131 	0.452 	0.120 	0.109 	0.313 
011132 	0.452 	0.122 	0.108 	0.307 
011133 	0.452 	0.122 	0.108 	0.306 
011134 	0.448 	0.118 	0.112 	0.315 
011135 	0.448 	0.121 	0.112 	0.312 
011136 	0.448 	0.120 	0.112 	0.313 
011137 	0.447 	0.119 	0.112 	0.317 
011138 	0.448 	0.120 	0.112 	0.311 
011139 	0.447 	0.117 	0.113 	0.311 
011140 	0.447 	0.117 	0.113 	0.310 
011141 	0.447 	0.118 	0.114 	0.309 
011142 	0.446 	0.117 	0.115 	0.308 
011143 	0.446 	0.116 	0.115 	0.309 
011144 	0.445 	0.116 	0.116 	0.309 
011145 	0.446 	0.117 	0.116 	0.308 
011146 	0.446 	0.117 	0.116 	0.308 
011147 	0.446 	0.115 	0.115 	0.311 
011148 	0.446 	0.113 	0.114 	0.312 
011149 	0.446 	0.111 	0.115 	0.312 
011150 	0.446 	0.109 	0.114 	0.314 
011151 	0.445 	0.109 	0.116 	0.313 
011152 	0.446 	0.110 	0.114 	0.307 
011153 	0.444 	0.107 	0.115 	0.309 
011154 	0.445 	0.107 	0.115 	0.309 

WORD START END ASDSCORE
AND 0.08 0.22 3.7
THAT 0.22 0.40 6.6
IS 0.40 0.57 7.3
BECAUSE 0.57 0.88 3.7
IT 0.88 0.96 5.5
USES 0.96 1.24 6.7
FORMALDEHYDE 1.24 1.90 8.2
FOR 2.62 2.72 4.0
THOSE 2.72 2.94 1.6
WHO 2.94 3.07 -0.1
DON'T 3.07 3.26 0.4
KNOW 3.26 3.52 2.7
FORMALDEHYDE 3.52 4.10 5.3
HAS 4.10 4.21 4.7
BEEN 4.21 4.31 3.5
LINKED 4.31 4.57 3.9
TO 4.57 5.03 4.2
CANCER 5.17 5.83 4.0
SPECIFICALLY 6.01 6.63 0.7
LEUKEMIA 6.63 7.24 3.7
IT 7.48 7.65 3.4
IS 7.65 8.13 4.3
AN 8.60 9.04 3.4
ENDOCRINE 9.19 9.63 6.1
DISRUPTOR 9.63 10.05 7.2
WHICH 10.05 10.22 6.1
MEANS 10.22 10.37 5.5
IT'S 10.37 10.46 5.7
GOING 10.46 10.58 5.5
TO 10.58 10.64 5.4
MESS 10.64 10.83 5.5
WITH 10.83 10.95 3.7
YOUR 10.95 11.05 2.9
HORMONES 11.05 11.76 4.2
IT 11.76 11.87 5.9
IS 11.87 11.99 6.5
A 11.99 12.06 6.5
