Text:  IT IS ALSO A RESPIRATORY SENSITIZER WHICH MEANS THE MORE YOU ARE EXPOSED TO IT 
Conf:  4
Ref:   0FkuRwU8HFc

FRAME 	X 	Y 	W 	H 
011183 	0.279 	0.152 	0.099 	0.254 
011184 	0.276 	0.145 	0.100 	0.252 
011185 	0.277 	0.138 	0.099 	0.254 
011186 	0.278 	0.134 	0.098 	0.256 
011187 	0.276 	0.129 	0.097 	0.256 
011188 	0.276 	0.127 	0.096 	0.254 
011189 	0.275 	0.117 	0.097 	0.260 
011190 	0.275 	0.114 	0.096 	0.256 
011191 	0.275 	0.111 	0.095 	0.261 
011192 	0.275 	0.107 	0.093 	0.263 
011193 	0.275 	0.104 	0.091 	0.262 
011194 	0.271 	0.104 	0.092 	0.257 
011195 	0.271 	0.102 	0.091 	0.260 
011196 	0.271 	0.100 	0.092 	0.263 
011197 	0.270 	0.099 	0.092 	0.261 
011198 	0.269 	0.100 	0.093 	0.258 
011199 	0.267 	0.102 	0.094 	0.257 
011200 	0.266 	0.102 	0.094 	0.264 
011201 	0.265 	0.103 	0.095 	0.258 
011202 	0.263 	0.106 	0.095 	0.257 
011203 	0.262 	0.108 	0.095 	0.255 
011204 	0.257 	0.111 	0.098 	0.253 
011205 	0.257 	0.114 	0.096 	0.255 
011206 	0.253 	0.120 	0.097 	0.250 
011207 	0.253 	0.124 	0.094 	0.245 
011208 	0.251 	0.125 	0.095 	0.245 
011209 	0.248 	0.127 	0.092 	0.249 
011210 	0.248 	0.127 	0.090 	0.248 
011211 	0.246 	0.129 	0.092 	0.246 
011212 	0.244 	0.132 	0.092 	0.242 
011213 	0.242 	0.129 	0.091 	0.246 
011214 	0.237 	0.128 	0.095 	0.247 
011215 	0.236 	0.127 	0.095 	0.250 
011216 	0.234 	0.128 	0.097 	0.248 
011217 	0.231 	0.127 	0.098 	0.247 
011218 	0.229 	0.127 	0.098 	0.246 
011219 	0.226 	0.124 	0.097 	0.248 
011220 	0.223 	0.123 	0.097 	0.250 
011221 	0.222 	0.121 	0.097 	0.251 
011222 	0.221 	0.121 	0.097 	0.249 
011223 	0.216 	0.121 	0.100 	0.248 
011224 	0.210 	0.119 	0.099 	0.249 
011225 	0.210 	0.120 	0.099 	0.245 
011226 	0.204 	0.120 	0.098 	0.249 
011227 	0.201 	0.119 	0.098 	0.250 
011228 	0.198 	0.120 	0.096 	0.251 
011229 	0.189 	0.123 	0.096 	0.246 
011230 	0.185 	0.121 	0.095 	0.251 
011231 	0.180 	0.120 	0.099 	0.252 
011232 	0.175 	0.119 	0.099 	0.252 
011233 	0.173 	0.116 	0.099 	0.252 
011234 	0.169 	0.111 	0.096 	0.256 
011235 	0.165 	0.107 	0.096 	0.262 
011236 	0.163 	0.107 	0.095 	0.262 
011237 	0.162 	0.108 	0.094 	0.263 
011238 	0.158 	0.107 	0.096 	0.264 
011239 	0.154 	0.108 	0.097 	0.257 
011240 	0.152 	0.107 	0.097 	0.256 
011241 	0.149 	0.107 	0.097 	0.259 
011242 	0.147 	0.108 	0.096 	0.259 
011243 	0.142 	0.113 	0.097 	0.252 
011244 	0.134 	0.118 	0.097 	0.245 
011245 	0.130 	0.117 	0.099 	0.248 
011246 	0.127 	0.117 	0.098 	0.251 
011247 	0.126 	0.114 	0.098 	0.250 
011248 	0.125 	0.115 	0.098 	0.249 
011249 	0.125 	0.116 	0.099 	0.248 
011250 	0.127 	0.116 	0.097 	0.252 
011251 	0.129 	0.118 	0.095 	0.254 
011252 	0.131 	0.117 	0.093 	0.255 
011253 	0.132 	0.116 	0.094 	0.250 
011254 	0.135 	0.116 	0.093 	0.254 
011255 	0.136 	0.117 	0.093 	0.250 
011256 	0.136 	0.117 	0.093 	0.252 
011257 	0.134 	0.117 	0.093 	0.254 
011258 	0.131 	0.116 	0.094 	0.253 
011259 	0.129 	0.117 	0.095 	0.253 
011260 	0.123 	0.118 	0.098 	0.256 
011261 	0.119 	0.119 	0.099 	0.254 
011262 	0.117 	0.122 	0.100 	0.249 
011263 	0.118 	0.121 	0.099 	0.250 
011264 	0.118 	0.121 	0.100 	0.250 
011265 	0.121 	0.121 	0.098 	0.250 
011266 	0.123 	0.122 	0.099 	0.250 
011267 	0.126 	0.122 	0.097 	0.247 
011268 	0.129 	0.120 	0.097 	0.247 
011269 	0.130 	0.121 	0.097 	0.247 
011270 	0.135 	0.121 	0.094 	0.245 
011271 	0.137 	0.120 	0.094 	0.244 
011272 	0.139 	0.119 	0.094 	0.243 
011273 	0.141 	0.118 	0.094 	0.247 

WORD START END ASDSCORE
IT 0.09 0.15 5.5
IS 0.15 0.36 4.4
ALSO 0.36 0.64 4.5
A 0.64 0.68 5.7
RESPIRATORY 0.68 1.23 6.3
SENSITIZER 1.23 1.95 7.0
WHICH 1.95 2.13 8.9
MEANS 2.13 2.37 5.3
THE 2.37 2.45 4.2
MORE 2.45 2.77 6.0
YOU 2.77 2.85 4.7
ARE 2.85 2.92 4.8
EXPOSED 2.92 3.33 4.7
TO 3.33 3.41 5.5
IT 3.41 3.52 3.1
