Text:  FORMALDEHYDE IS DOING IS IT'S ACTING LIKE A GLUE AND IT'S KEEPING THOSE BONDS IN PLACE 
Conf:  1
Ref:   0FkuRwU8HFc

FRAME 	X 	Y 	W 	H 
012637 	0.234 	0.081 	0.109 	0.313 
012638 	0.237 	0.085 	0.111 	0.319 
012639 	0.238 	0.092 	0.114 	0.316 
012640 	0.242 	0.094 	0.114 	0.317 
012641 	0.244 	0.097 	0.113 	0.315 
012642 	0.248 	0.100 	0.117 	0.316 
012643 	0.259 	0.106 	0.114 	0.314 
012644 	0.268 	0.110 	0.108 	0.318 
012645 	0.273 	0.109 	0.110 	0.326 
012646 	0.280 	0.113 	0.111 	0.319 
012647 	0.292 	0.119 	0.107 	0.306 
012648 	0.307 	0.106 	0.114 	0.322 
012649 	0.311 	0.106 	0.116 	0.320 
012650 	0.322 	0.100 	0.112 	0.323 
012651 	0.329 	0.100 	0.112 	0.322 
012652 	0.337 	0.094 	0.114 	0.329 
012653 	0.351 	0.093 	0.118 	0.320 
012654 	0.360 	0.093 	0.119 	0.311 
012655 	0.369 	0.093 	0.115 	0.304 
012656 	0.373 	0.090 	0.118 	0.306 
012657 	0.380 	0.091 	0.118 	0.304 
012658 	0.394 	0.084 	0.117 	0.310 
012659 	0.400 	0.083 	0.118 	0.314 
012660 	0.407 	0.085 	0.118 	0.307 
012661 	0.413 	0.087 	0.120 	0.309 
012662 	0.418 	0.088 	0.120 	0.310 
012663 	0.424 	0.090 	0.121 	0.312 
012664 	0.430 	0.091 	0.119 	0.311 
012665 	0.432 	0.090 	0.120 	0.312 
012666 	0.437 	0.092 	0.122 	0.311 
012667 	0.440 	0.090 	0.123 	0.314 
012668 	0.447 	0.091 	0.124 	0.320 
012669 	0.453 	0.090 	0.122 	0.318 
012670 	0.455 	0.096 	0.124 	0.312 
012671 	0.460 	0.098 	0.125 	0.312 
012672 	0.462 	0.097 	0.125 	0.322 
012673 	0.471 	0.097 	0.124 	0.328 
012674 	0.473 	0.097 	0.122 	0.323 
012675 	0.477 	0.101 	0.120 	0.312 
012676 	0.479 	0.102 	0.121 	0.308 
012677 	0.481 	0.102 	0.122 	0.308 
012678 	0.483 	0.101 	0.123 	0.306 
012679 	0.485 	0.102 	0.122 	0.308 
012680 	0.486 	0.097 	0.122 	0.323 
012681 	0.487 	0.097 	0.123 	0.322 
012682 	0.488 	0.100 	0.122 	0.319 
012683 	0.490 	0.099 	0.121 	0.321 
012684 	0.492 	0.101 	0.120 	0.319 
012685 	0.490 	0.100 	0.122 	0.319 
012686 	0.491 	0.102 	0.121 	0.314 
012687 	0.491 	0.100 	0.121 	0.320 
012688 	0.497 	0.104 	0.115 	0.318 
012689 	0.497 	0.102 	0.115 	0.321 
012690 	0.498 	0.103 	0.115 	0.320 
012691 	0.499 	0.101 	0.113 	0.319 
012692 	0.498 	0.101 	0.113 	0.320 
012693 	0.499 	0.098 	0.111 	0.319 
012694 	0.500 	0.100 	0.109 	0.315 
012695 	0.499 	0.099 	0.109 	0.309 
012696 	0.500 	0.099 	0.107 	0.310 
012697 	0.497 	0.099 	0.108 	0.316 
012698 	0.488 	0.099 	0.114 	0.308 
012699 	0.485 	0.101 	0.115 	0.306 
012700 	0.483 	0.101 	0.115 	0.308 
012701 	0.482 	0.103 	0.112 	0.314 
012702 	0.477 	0.100 	0.115 	0.320 
012703 	0.470 	0.100 	0.121 	0.317 
012704 	0.468 	0.102 	0.121 	0.310 
012705 	0.466 	0.099 	0.121 	0.310 
012706 	0.464 	0.100 	0.122 	0.309 
012707 	0.465 	0.102 	0.120 	0.305 
012708 	0.463 	0.101 	0.123 	0.309 
012709 	0.464 	0.099 	0.122 	0.310 
012710 	0.465 	0.099 	0.121 	0.319 
012711 	0.466 	0.099 	0.121 	0.325 
012712 	0.467 	0.102 	0.120 	0.323 
012713 	0.467 	0.102 	0.122 	0.313 
012714 	0.470 	0.104 	0.118 	0.310 
012715 	0.472 	0.102 	0.115 	0.313 
012716 	0.472 	0.106 	0.115 	0.309 
012717 	0.475 	0.103 	0.114 	0.312 
012718 	0.476 	0.100 	0.114 	0.317 
012719 	0.479 	0.102 	0.109 	0.316 
012720 	0.481 	0.103 	0.108 	0.317 
012721 	0.481 	0.102 	0.109 	0.318 
012722 	0.484 	0.099 	0.107 	0.324 
012723 	0.477 	0.101 	0.114 	0.316 
012724 	0.478 	0.101 	0.111 	0.316 
012725 	0.475 	0.101 	0.114 	0.321 
012726 	0.474 	0.102 	0.114 	0.318 
012727 	0.473 	0.102 	0.113 	0.317 
012728 	0.468 	0.107 	0.117 	0.316 
012729 	0.466 	0.105 	0.119 	0.319 
012730 	0.465 	0.107 	0.122 	0.314 
012731 	0.466 	0.113 	0.119 	0.306 
012732 	0.465 	0.107 	0.120 	0.316 
012733 	0.467 	0.112 	0.119 	0.310 
012734 	0.468 	0.113 	0.120 	0.306 
012735 	0.469 	0.111 	0.120 	0.311 
012736 	0.471 	0.116 	0.119 	0.312 
012737 	0.472 	0.118 	0.119 	0.315 
012738 	0.475 	0.119 	0.117 	0.317 
012739 	0.476 	0.123 	0.115 	0.309 
012740 	0.476 	0.123 	0.118 	0.310 
012741 	0.477 	0.121 	0.120 	0.315 
012742 	0.478 	0.125 	0.120 	0.314 
012743 	0.486 	0.129 	0.117 	0.311 
012744 	0.488 	0.130 	0.119 	0.307 
012745 	0.489 	0.127 	0.122 	0.314 
012746 	0.497 	0.123 	0.119 	0.316 

WORD START END ASDSCORE
FORMALDEHYDE 0.09 0.66 9.0
IS 0.66 0.80 7.0
DOING 0.80 1.04 8.6
IS 1.04 1.18 8.2
IT'S 1.18 1.33 8.4
ACTING 1.33 1.60 7.3
LIKE 1.60 1.80 2.2
A 1.80 1.84 1.7
GLUE 1.84 2.23 1.9
AND 2.50 2.63 5.4
IT'S 2.63 2.85 7.1
KEEPING 2.85 3.18 7.1
THOSE 3.18 3.40 4.2
BONDS 3.40 3.71 5.0
IN 3.71 3.85 7.0
PLACE 3.85 4.28 6.6
