Text:  HOW DOES NATURE CREATE COLOR HOW DOES IN THIS CASE NATURE CROSSLINK NOT WITH WEAK 
Conf:  2
Ref:   0FkuRwU8HFc

FRAME 	X 	Y 	W 	H 
013478 	0.199 	0.099 	0.125 	0.324 
013479 	0.198 	0.098 	0.126 	0.325 
013480 	0.197 	0.097 	0.127 	0.328 
013481 	0.197 	0.092 	0.127 	0.339 
013482 	0.197 	0.098 	0.127 	0.334 
013483 	0.207 	0.093 	0.119 	0.344 
013484 	0.205 	0.091 	0.123 	0.349 
013485 	0.214 	0.092 	0.113 	0.338 
013486 	0.212 	0.089 	0.116 	0.335 
013487 	0.217 	0.090 	0.112 	0.328 
013488 	0.219 	0.085 	0.110 	0.324 
013489 	0.221 	0.085 	0.108 	0.322 
013490 	0.222 	0.085 	0.106 	0.319 
013491 	0.218 	0.087 	0.109 	0.314 
013492 	0.219 	0.081 	0.107 	0.326 
013493 	0.216 	0.077 	0.109 	0.338 
013494 	0.216 	0.085 	0.106 	0.319 
013495 	0.214 	0.083 	0.108 	0.318 
013496 	0.212 	0.082 	0.112 	0.315 
013497 	0.212 	0.083 	0.112 	0.314 
013498 	0.211 	0.083 	0.112 	0.309 
013499 	0.207 	0.080 	0.116 	0.314 
013500 	0.205 	0.081 	0.116 	0.313 
013501 	0.208 	0.083 	0.112 	0.309 
013502 	0.207 	0.082 	0.113 	0.312 
013503 	0.205 	0.082 	0.114 	0.313 
013504 	0.205 	0.084 	0.113 	0.309 
013505 	0.203 	0.083 	0.116 	0.313 
013506 	0.200 	0.086 	0.120 	0.310 
013507 	0.200 	0.085 	0.120 	0.315 
013508 	0.201 	0.080 	0.120 	0.328 
013509 	0.204 	0.080 	0.118 	0.328 
013510 	0.207 	0.079 	0.117 	0.329 
013511 	0.207 	0.080 	0.119 	0.327 
013512 	0.209 	0.082 	0.118 	0.326 
013513 	0.212 	0.075 	0.115 	0.338 
013514 	0.212 	0.072 	0.115 	0.338 
013515 	0.212 	0.069 	0.115 	0.344 
013516 	0.209 	0.077 	0.117 	0.329 
013517 	0.208 	0.079 	0.120 	0.332 
013518 	0.208 	0.087 	0.120 	0.321 
013519 	0.207 	0.090 	0.121 	0.320 
013520 	0.206 	0.089 	0.121 	0.323 
013521 	0.202 	0.087 	0.124 	0.332 
013522 	0.201 	0.083 	0.126 	0.345 
013523 	0.198 	0.084 	0.127 	0.346 
013524 	0.200 	0.086 	0.126 	0.339 
013525 	0.202 	0.089 	0.123 	0.327 
013526 	0.202 	0.088 	0.123 	0.321 
013527 	0.203 	0.090 	0.122 	0.316 
013528 	0.201 	0.088 	0.124 	0.317 
013529 	0.203 	0.090 	0.122 	0.311 
013530 	0.202 	0.090 	0.123 	0.317 
013531 	0.201 	0.096 	0.123 	0.311 
013532 	0.200 	0.098 	0.125 	0.313 
013533 	0.201 	0.104 	0.126 	0.311 
013534 	0.201 	0.105 	0.126 	0.311 
013535 	0.201 	0.106 	0.127 	0.311 
013536 	0.202 	0.106 	0.125 	0.310 
013537 	0.202 	0.104 	0.125 	0.317 
013538 	0.201 	0.105 	0.127 	0.319 
013539 	0.202 	0.101 	0.127 	0.324 
013540 	0.202 	0.101 	0.127 	0.319 
013541 	0.205 	0.103 	0.124 	0.312 
013542 	0.203 	0.102 	0.126 	0.312 
013543 	0.204 	0.100 	0.125 	0.314 
013544 	0.204 	0.100 	0.125 	0.316 
013545 	0.203 	0.099 	0.125 	0.321 
013546 	0.201 	0.100 	0.126 	0.317 
013547 	0.203 	0.100 	0.125 	0.315 
013548 	0.204 	0.100 	0.123 	0.315 
013549 	0.202 	0.100 	0.123 	0.315 
013550 	0.200 	0.097 	0.126 	0.320 
013551 	0.201 	0.097 	0.125 	0.321 
013552 	0.200 	0.098 	0.124 	0.317 
013553 	0.197 	0.097 	0.127 	0.323 
013554 	0.197 	0.096 	0.126 	0.322 
013555 	0.196 	0.097 	0.125 	0.322 
013556 	0.197 	0.096 	0.124 	0.326 
013557 	0.196 	0.096 	0.124 	0.323 
013558 	0.192 	0.093 	0.128 	0.330 
013559 	0.195 	0.093 	0.124 	0.329 
013560 	0.194 	0.096 	0.124 	0.321 
013561 	0.194 	0.095 	0.125 	0.320 
013562 	0.194 	0.093 	0.124 	0.321 
013563 	0.195 	0.091 	0.122 	0.323 
013564 	0.194 	0.092 	0.124 	0.319 
013565 	0.194 	0.092 	0.123 	0.314 
013566 	0.193 	0.092 	0.123 	0.311 
013567 	0.191 	0.091 	0.123 	0.315 
013568 	0.188 	0.093 	0.121 	0.315 
013569 	0.186 	0.091 	0.123 	0.320 
013570 	0.185 	0.092 	0.123 	0.318 
013571 	0.183 	0.091 	0.122 	0.318 
013572 	0.184 	0.092 	0.123 	0.319 
013573 	0.183 	0.090 	0.121 	0.322 
013574 	0.184 	0.091 	0.118 	0.321 
013575 	0.184 	0.093 	0.117 	0.320 
013576 	0.182 	0.096 	0.116 	0.315 
013577 	0.181 	0.095 	0.119 	0.318 
013578 	0.181 	0.093 	0.120 	0.322 
013579 	0.181 	0.093 	0.119 	0.321 
013580 	0.182 	0.092 	0.118 	0.325 
013581 	0.182 	0.092 	0.118 	0.323 
013582 	0.183 	0.095 	0.116 	0.322 
013583 	0.183 	0.091 	0.115 	0.321 
013584 	0.182 	0.089 	0.116 	0.328 
013585 	0.180 	0.088 	0.119 	0.333 
013586 	0.179 	0.090 	0.118 	0.331 
013587 	0.176 	0.089 	0.118 	0.330 
013588 	0.171 	0.089 	0.121 	0.327 
013589 	0.167 	0.091 	0.120 	0.319 
013590 	0.164 	0.098 	0.120 	0.311 
013591 	0.162 	0.098 	0.118 	0.308 

WORD START END ASDSCORE
HOW 0.08 0.28 5.4
DOES 0.28 0.47 6.7
NATURE 0.47 0.92 9.4
CREATE 0.95 1.32 10.5
COLOR 1.32 1.65 4.8
HOW 1.65 1.85 3.6
DOES 1.85 2.04 7.1
IN 2.04 2.10 5.7
THIS 2.10 2.27 5.1
CASE 2.27 2.54 6.2
NATURE 2.54 2.98 8.6
CROSSLINK 3.20 3.77 4.9
NOT 3.77 3.86 5.9
WITH 3.87 4.07 10.0
WEAK 4.07 4.42 10.3
