Text:  IF YOU'RE NOT A BIOLOGIST YOU'RE NOT GOING TO KNOW HOW TO GO TO THE LITERATURE AND LOOK UP THIS 
Conf:  5
Ref:   0FkuRwU8HFc

FRAME 	X 	Y 	W 	H 
013203 	0.223 	0.082 	0.114 	0.334 
013204 	0.222 	0.085 	0.115 	0.330 
013205 	0.224 	0.084 	0.113 	0.330 
013206 	0.224 	0.083 	0.114 	0.344 
013207 	0.227 	0.086 	0.111 	0.338 
013208 	0.226 	0.086 	0.115 	0.328 
013209 	0.232 	0.087 	0.111 	0.327 
013210 	0.234 	0.086 	0.114 	0.326 
013211 	0.244 	0.084 	0.119 	0.326 
013212 	0.252 	0.082 	0.118 	0.329 
013213 	0.261 	0.090 	0.117 	0.313 
013214 	0.267 	0.090 	0.114 	0.316 
013215 	0.275 	0.086 	0.113 	0.315 
013216 	0.292 	0.082 	0.112 	0.318 
013217 	0.301 	0.080 	0.115 	0.316 
013218 	0.310 	0.081 	0.113 	0.311 
013219 	0.316 	0.080 	0.117 	0.312 
013220 	0.324 	0.082 	0.112 	0.312 
013221 	0.337 	0.076 	0.112 	0.332 
013222 	0.342 	0.078 	0.115 	0.332 
013223 	0.348 	0.078 	0.119 	0.333 
013224 	0.355 	0.077 	0.122 	0.337 
013225 	0.360 	0.082 	0.122 	0.325 
013226 	0.377 	0.091 	0.116 	0.310 
013227 	0.379 	0.088 	0.119 	0.314 
013228 	0.387 	0.086 	0.115 	0.318 
013229 	0.393 	0.085 	0.113 	0.330 
013230 	0.399 	0.087 	0.113 	0.329 
013231 	0.407 	0.084 	0.114 	0.336 
013232 	0.409 	0.083 	0.116 	0.339 
013233 	0.411 	0.085 	0.116 	0.333 
013234 	0.413 	0.086 	0.116 	0.325 
013235 	0.421 	0.086 	0.114 	0.328 
013236 	0.425 	0.089 	0.112 	0.322 
013237 	0.427 	0.090 	0.112 	0.321 
013238 	0.429 	0.091 	0.111 	0.319 
013239 	0.428 	0.094 	0.113 	0.316 
013240 	0.427 	0.093 	0.113 	0.320 
013241 	0.420 	0.091 	0.117 	0.323 
013242 	0.418 	0.092 	0.116 	0.324 
013243 	0.411 	0.092 	0.121 	0.323 
013244 	0.410 	0.094 	0.119 	0.318 
013245 	0.408 	0.093 	0.121 	0.317 
013246 	0.406 	0.091 	0.117 	0.331 
013247 	0.406 	0.092 	0.117 	0.330 
013248 	0.407 	0.090 	0.116 	0.331 
013249 	0.408 	0.094 	0.113 	0.327 
013250 	0.409 	0.094 	0.112 	0.331 
013251 	0.409 	0.095 	0.112 	0.332 
013252 	0.400 	0.101 	0.116 	0.329 
013253 	0.401 	0.099 	0.114 	0.331 
013254 	0.397 	0.096 	0.116 	0.337 
013255 	0.398 	0.099 	0.113 	0.331 
013256 	0.395 	0.099 	0.113 	0.331 
013257 	0.383 	0.095 	0.121 	0.340 
013258 	0.381 	0.097 	0.121 	0.338 
013259 	0.379 	0.095 	0.121 	0.341 
013260 	0.377 	0.094 	0.121 	0.340 
013261 	0.377 	0.094 	0.121 	0.336 
013262 	0.373 	0.095 	0.123 	0.327 
013263 	0.369 	0.098 	0.124 	0.315 
013264 	0.368 	0.096 	0.123 	0.315 
013265 	0.368 	0.094 	0.122 	0.320 
013266 	0.371 	0.093 	0.120 	0.320 
013267 	0.377 	0.095 	0.121 	0.317 
013268 	0.379 	0.092 	0.118 	0.324 
013269 	0.380 	0.094 	0.120 	0.324 
013270 	0.379 	0.094 	0.119 	0.326 
013271 	0.377 	0.094 	0.121 	0.328 
013272 	0.376 	0.093 	0.120 	0.325 
013273 	0.374 	0.090 	0.121 	0.327 
013274 	0.375 	0.089 	0.120 	0.327 
013275 	0.373 	0.087 	0.122 	0.330 
013276 	0.374 	0.085 	0.121 	0.333 
013277 	0.376 	0.088 	0.120 	0.327 
013278 	0.377 	0.089 	0.118 	0.326 
013279 	0.375 	0.094 	0.119 	0.321 
013280 	0.374 	0.095 	0.121 	0.320 
013281 	0.371 	0.094 	0.123 	0.322 
013282 	0.368 	0.094 	0.123 	0.323 
013283 	0.368 	0.093 	0.124 	0.325 
013284 	0.370 	0.091 	0.124 	0.329 
013285 	0.373 	0.093 	0.122 	0.327 
013286 	0.377 	0.093 	0.119 	0.326 
013287 	0.376 	0.091 	0.119 	0.326 
013288 	0.376 	0.093 	0.120 	0.326 
013289 	0.376 	0.093 	0.119 	0.325 
013290 	0.375 	0.091 	0.119 	0.328 
013291 	0.375 	0.090 	0.118 	0.328 
013292 	0.373 	0.094 	0.119 	0.322 
013293 	0.372 	0.095 	0.120 	0.323 
013294 	0.371 	0.094 	0.120 	0.324 
013295 	0.371 	0.094 	0.120 	0.325 
013296 	0.371 	0.096 	0.120 	0.325 
013297 	0.373 	0.090 	0.119 	0.332 
013298 	0.373 	0.090 	0.121 	0.329 
013299 	0.375 	0.093 	0.119 	0.327 
013300 	0.376 	0.092 	0.117 	0.328 
013301 	0.378 	0.096 	0.116 	0.327 
013302 	0.376 	0.092 	0.116 	0.345 
013303 	0.373 	0.092 	0.120 	0.334 
013304 	0.373 	0.096 	0.120 	0.331 
013305 	0.373 	0.094 	0.119 	0.332 
013306 	0.372 	0.094 	0.120 	0.330 
013307 	0.372 	0.089 	0.118 	0.333 
013308 	0.372 	0.089 	0.119 	0.332 
013309 	0.370 	0.093 	0.119 	0.329 
013310 	0.373 	0.087 	0.116 	0.336 
013311 	0.371 	0.087 	0.118 	0.337 

WORD START END ASDSCORE
IF 0.07 0.26 7.5
YOU'RE 0.26 0.57 4.7
NOT 0.57 0.87 6.9
A 0.87 0.93 10.7
BIOLOGIST 0.93 1.52 7.7
YOU'RE 1.52 1.62 4.6
NOT 1.62 1.74 5.1
GOING 1.74 1.95 4.6
TO 1.95 2.03 3.3
KNOW 2.03 2.15 3.2
HOW 2.15 2.29 5.1
TO 2.29 2.36 6.0
GO 2.36 2.50 4.2
TO 2.50 2.60 1.2
THE 2.60 2.98 2.5
LITERATURE 3.09 3.63 2.0
AND 3.63 3.77 5.2
LOOK 3.77 3.90 4.5
UP 3.90 4.04 5.1
THIS 4.04 4.22 5.9
