Text:  THEM SO THAT THEY EXUDE THIS MUCUS I WILL HAVE A GREEN 
Conf:  2
Ref:   0FkuRwU8HFc

FRAME 	X 	Y 	W 	H 
015250 	0.421 	0.258 	0.058 	0.183 
015251 	0.418 	0.252 	0.061 	0.189 
015252 	0.413 	0.248 	0.066 	0.193 
015253 	0.411 	0.247 	0.069 	0.195 
015254 	0.408 	0.244 	0.074 	0.197 
015255 	0.409 	0.241 	0.073 	0.194 
015256 	0.408 	0.237 	0.076 	0.198 
015257 	0.407 	0.235 	0.077 	0.201 
015258 	0.408 	0.233 	0.076 	0.205 
015259 	0.409 	0.242 	0.071 	0.193 
015260 	0.410 	0.246 	0.068 	0.184 
015261 	0.412 	0.239 	0.070 	0.185 
015262 	0.412 	0.231 	0.074 	0.195 
015263 	0.415 	0.231 	0.071 	0.192 
015264 	0.421 	0.225 	0.077 	0.205 
015265 	0.423 	0.220 	0.075 	0.203 
015266 	0.421 	0.216 	0.078 	0.204 
015267 	0.421 	0.215 	0.079 	0.203 
015268 	0.423 	0.217 	0.076 	0.208 
015269 	0.426 	0.228 	0.073 	0.201 
015270 	0.427 	0.230 	0.075 	0.203 
015271 	0.430 	0.233 	0.071 	0.197 
015272 	0.431 	0.235 	0.073 	0.196 
015273 	0.432 	0.238 	0.072 	0.185 
015274 	0.432 	0.238 	0.073 	0.183 
015275 	0.432 	0.240 	0.074 	0.178 
015276 	0.432 	0.236 	0.073 	0.184 
015277 	0.431 	0.235 	0.074 	0.191 
015278 	0.432 	0.234 	0.072 	0.186 
015279 	0.431 	0.228 	0.072 	0.190 
015280 	0.430 	0.225 	0.072 	0.194 
015281 	0.429 	0.224 	0.072 	0.197 
015282 	0.427 	0.224 	0.072 	0.199 
015283 	0.425 	0.225 	0.073 	0.200 
015284 	0.423 	0.225 	0.075 	0.197 
015285 	0.423 	0.224 	0.075 	0.198 
015286 	0.425 	0.225 	0.073 	0.193 
015287 	0.425 	0.217 	0.074 	0.202 
015288 	0.427 	0.224 	0.073 	0.191 
015289 	0.430 	0.215 	0.073 	0.191 
015290 	0.429 	0.211 	0.073 	0.199 
015291 	0.428 	0.206 	0.072 	0.205 
015292 	0.427 	0.202 	0.074 	0.205 
015293 	0.427 	0.198 	0.074 	0.210 
015294 	0.430 	0.190 	0.073 	0.208 
015295 	0.431 	0.187 	0.073 	0.208 
015296 	0.432 	0.191 	0.072 	0.201 
015297 	0.432 	0.191 	0.073 	0.200 
015298 	0.432 	0.190 	0.074 	0.198 
015299 	0.433 	0.190 	0.074 	0.198 
015300 	0.435 	0.189 	0.072 	0.198 
015301 	0.436 	0.187 	0.072 	0.201 
015302 	0.438 	0.185 	0.071 	0.204 
015303 	0.439 	0.187 	0.072 	0.207 
015304 	0.440 	0.191 	0.069 	0.203 
015305 	0.439 	0.190 	0.068 	0.203 
015306 	0.437 	0.188 	0.068 	0.214 
015307 	0.436 	0.195 	0.066 	0.204 
015308 	0.436 	0.205 	0.061 	0.202 
015309 	0.433 	0.212 	0.065 	0.204 
015310 	0.433 	0.210 	0.061 	0.204 
015311 	0.435 	0.207 	0.060 	0.206 
015312 	0.437 	0.197 	0.061 	0.206 
015313 	0.438 	0.188 	0.062 	0.210 
015314 	0.440 	0.189 	0.067 	0.201 
015315 	0.442 	0.195 	0.063 	0.188 
015316 	0.442 	0.196 	0.063 	0.192 
015317 	0.442 	0.196 	0.065 	0.191 
015318 	0.443 	0.193 	0.064 	0.198 
015319 	0.442 	0.203 	0.064 	0.196 
015320 	0.443 	0.208 	0.064 	0.196 
015321 	0.442 	0.205 	0.065 	0.197 
015322 	0.442 	0.198 	0.067 	0.198 
015323 	0.443 	0.194 	0.067 	0.197 
015324 	0.447 	0.192 	0.062 	0.198 
015325 	0.447 	0.191 	0.062 	0.202 
015326 	0.446 	0.192 	0.064 	0.201 
015327 	0.445 	0.193 	0.065 	0.202 
015328 	0.445 	0.198 	0.064 	0.199 
015329 	0.444 	0.199 	0.065 	0.203 
015330 	0.445 	0.199 	0.064 	0.204 

WORD START END ASDSCORE
THEM 0.08 0.54 9.4
SO 0.54 0.67 6.6
THAT 0.67 0.77 5.3
THEY 0.77 0.91 4.2
EXUDE 0.91 1.22 2.7
THIS 1.22 1.38 2.0
MUCUS 1.38 1.82 3.0
I 1.94 2.05 5.8
WILL 2.05 2.22 6.0
HAVE 2.22 2.43 7.4
A 2.43 2.47 8.1
GREEN 2.47 3.10 7.1
