Text:  21 TRILLION DOLLARS AT STAKE THINK THEY WILL PAY ATTENTION SO WHAT CAN YOU DO I 
Conf:  1
Ref:   0FkuRwU8HFc

FRAME 	X 	Y 	W 	H 
020477 	0.530 	0.087 	0.065 	0.164 
020478 	0.532 	0.087 	0.064 	0.163 
020479 	0.534 	0.086 	0.064 	0.166 
020480 	0.530 	0.086 	0.064 	0.166 
020481 	0.527 	0.085 	0.064 	0.162 
020482 	0.523 	0.083 	0.064 	0.166 
020483 	0.519 	0.080 	0.064 	0.168 
020484 	0.515 	0.076 	0.064 	0.173 
020485 	0.504 	0.082 	0.066 	0.170 
020486 	0.497 	0.077 	0.068 	0.169 
020487 	0.493 	0.075 	0.065 	0.167 
020488 	0.487 	0.077 	0.065 	0.163 
020489 	0.481 	0.075 	0.066 	0.165 
020490 	0.469 	0.067 	0.065 	0.169 
020491 	0.461 	0.064 	0.065 	0.166 
020492 	0.456 	0.061 	0.065 	0.166 
020493 	0.447 	0.060 	0.066 	0.167 
020494 	0.441 	0.055 	0.064 	0.165 
020495 	0.426 	0.057 	0.065 	0.163 
020496 	0.421 	0.056 	0.063 	0.162 
020497 	0.413 	0.055 	0.065 	0.162 
020498 	0.407 	0.056 	0.064 	0.163 
020499 	0.402 	0.059 	0.066 	0.163 
020500 	0.393 	0.061 	0.064 	0.169 
020501 	0.388 	0.062 	0.064 	0.167 
020502 	0.384 	0.064 	0.064 	0.166 
020503 	0.380 	0.066 	0.065 	0.163 
020504 	0.378 	0.067 	0.065 	0.162 
020505 	0.376 	0.070 	0.063 	0.162 
020506 	0.374 	0.070 	0.064 	0.165 
020507 	0.372 	0.069 	0.064 	0.165 
020508 	0.371 	0.069 	0.065 	0.165 
020509 	0.371 	0.069 	0.064 	0.164 
020510 	0.370 	0.069 	0.064 	0.166 
020511 	0.370 	0.071 	0.063 	0.165 
020512 	0.369 	0.070 	0.064 	0.169 
020513 	0.370 	0.071 	0.064 	0.169 
020514 	0.369 	0.074 	0.064 	0.172 
020515 	0.368 	0.076 	0.065 	0.168 
020516 	0.369 	0.072 	0.066 	0.167 
020517 	0.370 	0.072 	0.063 	0.164 
020518 	0.369 	0.070 	0.065 	0.168 
020519 	0.368 	0.070 	0.066 	0.164 
020520 	0.369 	0.067 	0.066 	0.168 
020521 	0.368 	0.067 	0.065 	0.167 
020522 	0.369 	0.067 	0.064 	0.165 
020523 	0.369 	0.066 	0.064 	0.166 
020524 	0.369 	0.065 	0.064 	0.166 
020525 	0.366 	0.066 	0.064 	0.169 
020526 	0.368 	0.064 	0.064 	0.169 
020527 	0.369 	0.065 	0.062 	0.167 
020528 	0.366 	0.066 	0.062 	0.165 
020529 	0.363 	0.066 	0.064 	0.167 
020530 	0.362 	0.067 	0.064 	0.171 
020531 	0.362 	0.067 	0.063 	0.171 
020532 	0.362 	0.067 	0.064 	0.168 
020533 	0.362 	0.068 	0.063 	0.166 
020534 	0.362 	0.069 	0.061 	0.167 
020535 	0.363 	0.068 	0.061 	0.172 
020536 	0.363 	0.069 	0.061 	0.172 
020537 	0.363 	0.069 	0.061 	0.170 
020538 	0.364 	0.069 	0.060 	0.171 
020539 	0.364 	0.070 	0.061 	0.171 
020540 	0.363 	0.072 	0.063 	0.173 
020541 	0.363 	0.072 	0.062 	0.170 
020542 	0.363 	0.072 	0.062 	0.172 
020543 	0.363 	0.073 	0.062 	0.171 
020544 	0.363 	0.072 	0.061 	0.173 
020545 	0.362 	0.072 	0.062 	0.175 
020546 	0.362 	0.072 	0.062 	0.176 
020547 	0.361 	0.071 	0.063 	0.177 
020548 	0.360 	0.072 	0.063 	0.176 
020549 	0.359 	0.072 	0.065 	0.177 
020550 	0.359 	0.072 	0.064 	0.178 
020551 	0.360 	0.071 	0.063 	0.177 
020552 	0.360 	0.072 	0.063 	0.176 
020553 	0.360 	0.072 	0.063 	0.176 
020554 	0.360 	0.072 	0.063 	0.175 
020555 	0.360 	0.072 	0.063 	0.176 
020556 	0.361 	0.072 	0.063 	0.176 
020557 	0.361 	0.073 	0.063 	0.174 
020558 	0.361 	0.072 	0.064 	0.175 
020559 	0.363 	0.073 	0.062 	0.172 
020560 	0.364 	0.074 	0.061 	0.169 
020561 	0.364 	0.074 	0.062 	0.170 
020562 	0.364 	0.073 	0.062 	0.169 
020563 	0.365 	0.072 	0.062 	0.174 
020564 	0.365 	0.073 	0.063 	0.172 
020565 	0.367 	0.073 	0.065 	0.172 
020566 	0.370 	0.074 	0.062 	0.170 
020567 	0.369 	0.072 	0.064 	0.174 
020568 	0.370 	0.075 	0.063 	0.169 
020569 	0.371 	0.077 	0.061 	0.166 
020570 	0.372 	0.074 	0.062 	0.170 
020571 	0.372 	0.075 	0.061 	0.169 
020572 	0.372 	0.077 	0.061 	0.165 
020573 	0.372 	0.075 	0.062 	0.169 
020574 	0.371 	0.075 	0.063 	0.170 
020575 	0.371 	0.076 	0.062 	0.168 
020576 	0.370 	0.075 	0.064 	0.171 
020577 	0.371 	0.075 	0.064 	0.170 
020578 	0.371 	0.077 	0.063 	0.165 
020579 	0.372 	0.079 	0.061 	0.163 
020580 	0.373 	0.079 	0.060 	0.161 
020581 	0.372 	0.076 	0.062 	0.163 
020582 	0.371 	0.074 	0.063 	0.167 
020583 	0.373 	0.075 	0.061 	0.166 
020584 	0.371 	0.074 	0.063 	0.165 
020585 	0.373 	0.074 	0.060 	0.164 
020586 	0.373 	0.073 	0.061 	0.167 
020587 	0.372 	0.073 	0.063 	0.166 
020588 	0.372 	0.073 	0.063 	0.172 
020589 	0.372 	0.072 	0.063 	0.176 
020590 	0.373 	0.072 	0.062 	0.177 
020591 	0.375 	0.072 	0.060 	0.168 
020592 	0.373 	0.071 	0.062 	0.167 

WORD START END ASDSCORE
21 0.09 0.49 9.0
TRILLION 0.49 0.80 7.1
DOLLARS 0.80 1.13 3.5
AT 1.13 1.22 5.0
STAKE 1.22 1.42 3.4
THINK 1.45 1.69 3.6
THEY 1.69 1.81 3.2
WILL 1.81 1.99 3.8
PAY 1.99 2.13 2.7
ATTENTION 2.13 2.60 5.1
SO 3.22 3.37 4.6
WHAT 3.37 3.50 5.7
CAN 3.50 3.65 6.5
YOU 3.65 3.75 6.4
DO 3.75 4.16 4.9
I 4.45 4.52 4.4
