Text:  AND OUR BUILDINGS AND OUR CITIES THAT NOT ONLY WOULD FEEL MORE NATURAL THEY WOULD PERFORM 
Conf:  4
Ref:   0FkuRwU8HFc

FRAME 	X 	Y 	W 	H 
021870 	0.370 	0.140 	0.097 	0.253 
021871 	0.371 	0.137 	0.097 	0.256 
021872 	0.373 	0.137 	0.096 	0.254 
021873 	0.379 	0.135 	0.097 	0.256 
021874 	0.380 	0.133 	0.096 	0.257 
021875 	0.383 	0.133 	0.096 	0.258 
021876 	0.384 	0.129 	0.095 	0.263 
021877 	0.385 	0.128 	0.094 	0.260 
021878 	0.386 	0.123 	0.094 	0.261 
021879 	0.384 	0.124 	0.095 	0.259 
021880 	0.380 	0.124 	0.094 	0.259 
021881 	0.377 	0.123 	0.094 	0.259 
021882 	0.374 	0.124 	0.095 	0.260 
021883 	0.369 	0.133 	0.096 	0.261 
021884 	0.367 	0.142 	0.096 	0.255 
021885 	0.367 	0.143 	0.094 	0.255 
021886 	0.365 	0.147 	0.096 	0.254 
021887 	0.365 	0.149 	0.096 	0.251 
021888 	0.368 	0.151 	0.096 	0.253 
021889 	0.369 	0.152 	0.096 	0.255 
021890 	0.371 	0.150 	0.096 	0.257 
021891 	0.371 	0.149 	0.098 	0.254 
021892 	0.373 	0.150 	0.098 	0.253 
021893 	0.375 	0.149 	0.098 	0.251 
021894 	0.378 	0.145 	0.096 	0.259 
021895 	0.378 	0.146 	0.097 	0.260 
021896 	0.379 	0.146 	0.095 	0.257 
021897 	0.379 	0.141 	0.097 	0.259 
021898 	0.377 	0.143 	0.097 	0.256 
021899 	0.376 	0.145 	0.098 	0.252 
021900 	0.375 	0.144 	0.099 	0.251 
021901 	0.374 	0.144 	0.097 	0.252 
021902 	0.374 	0.144 	0.097 	0.254 
021903 	0.371 	0.142 	0.098 	0.255 
021904 	0.370 	0.143 	0.098 	0.254 
021905 	0.370 	0.144 	0.097 	0.256 
021906 	0.370 	0.145 	0.097 	0.253 
021907 	0.370 	0.145 	0.098 	0.252 
021908 	0.370 	0.146 	0.099 	0.249 
021909 	0.370 	0.145 	0.098 	0.251 
021910 	0.370 	0.146 	0.099 	0.249 
021911 	0.370 	0.146 	0.098 	0.249 
021912 	0.370 	0.145 	0.099 	0.249 
021913 	0.370 	0.142 	0.098 	0.254 
021914 	0.370 	0.140 	0.097 	0.254 
021915 	0.370 	0.140 	0.096 	0.254 
021916 	0.370 	0.140 	0.096 	0.254 
021917 	0.370 	0.142 	0.097 	0.252 
021918 	0.372 	0.137 	0.098 	0.259 
021919 	0.373 	0.137 	0.096 	0.257 
021920 	0.373 	0.138 	0.095 	0.255 
021921 	0.374 	0.138 	0.096 	0.256 
021922 	0.375 	0.136 	0.095 	0.259 
021923 	0.377 	0.136 	0.097 	0.259 
021924 	0.377 	0.136 	0.096 	0.259 
021925 	0.378 	0.138 	0.098 	0.261 
021926 	0.378 	0.136 	0.100 	0.256 
021927 	0.379 	0.135 	0.100 	0.261 
021928 	0.381 	0.136 	0.095 	0.266 
021929 	0.381 	0.132 	0.096 	0.267 
021930 	0.383 	0.138 	0.096 	0.262 
021931 	0.386 	0.139 	0.094 	0.260 
021932 	0.389 	0.140 	0.095 	0.259 
021933 	0.391 	0.136 	0.097 	0.260 
021934 	0.395 	0.136 	0.095 	0.255 
021935 	0.395 	0.133 	0.098 	0.254 
021936 	0.394 	0.133 	0.097 	0.254 
021937 	0.391 	0.132 	0.096 	0.259 
021938 	0.388 	0.133 	0.098 	0.258 
021939 	0.384 	0.133 	0.098 	0.266 
021940 	0.381 	0.133 	0.099 	0.262 
021941 	0.381 	0.133 	0.096 	0.263 
021942 	0.381 	0.139 	0.096 	0.260 
021943 	0.380 	0.136 	0.097 	0.259 
021944 	0.382 	0.137 	0.099 	0.258 
021945 	0.384 	0.140 	0.096 	0.258 
021946 	0.384 	0.140 	0.096 	0.258 
021947 	0.382 	0.137 	0.098 	0.258 
021948 	0.383 	0.142 	0.097 	0.257 
021949 	0.384 	0.135 	0.097 	0.269 
021950 	0.383 	0.141 	0.097 	0.259 
021951 	0.382 	0.142 	0.097 	0.256 
021952 	0.381 	0.141 	0.097 	0.261 
021953 	0.381 	0.141 	0.096 	0.260 
021954 	0.379 	0.143 	0.097 	0.255 
021955 	0.379 	0.142 	0.098 	0.255 
021956 	0.380 	0.140 	0.097 	0.260 
021957 	0.381 	0.142 	0.098 	0.257 
021958 	0.382 	0.142 	0.099 	0.255 
021959 	0.383 	0.143 	0.099 	0.253 
021960 	0.382 	0.143 	0.099 	0.255 
021961 	0.382 	0.143 	0.099 	0.254 
021962 	0.383 	0.142 	0.098 	0.254 
021963 	0.383 	0.142 	0.098 	0.253 
021964 	0.385 	0.143 	0.097 	0.253 
021965 	0.385 	0.144 	0.097 	0.252 
021966 	0.385 	0.143 	0.096 	0.252 
021967 	0.385 	0.142 	0.096 	0.254 
021968 	0.384 	0.139 	0.097 	0.259 
021969 	0.384 	0.140 	0.098 	0.256 
021970 	0.384 	0.142 	0.098 	0.255 
021971 	0.384 	0.142 	0.098 	0.254 
021972 	0.383 	0.141 	0.098 	0.255 
021973 	0.385 	0.142 	0.096 	0.253 
021974 	0.385 	0.135 	0.097 	0.260 
021975 	0.387 	0.136 	0.096 	0.263 
021976 	0.388 	0.136 	0.094 	0.264 
021977 	0.388 	0.132 	0.095 	0.264 
021978 	0.389 	0.130 	0.094 	0.263 
021979 	0.392 	0.131 	0.094 	0.263 
021980 	0.391 	0.132 	0.095 	0.259 
021981 	0.392 	0.131 	0.096 	0.259 
021982 	0.392 	0.134 	0.095 	0.254 
021983 	0.391 	0.134 	0.095 	0.253 
021984 	0.388 	0.134 	0.093 	0.257 
021985 	0.384 	0.135 	0.097 	0.255 
021986 	0.383 	0.131 	0.096 	0.261 
021987 	0.379 	0.128 	0.097 	0.265 
021988 	0.376 	0.133 	0.096 	0.259 
021989 	0.372 	0.140 	0.093 	0.262 
021990 	0.370 	0.141 	0.092 	0.266 
021991 	0.367 	0.142 	0.093 	0.266 
021992 	0.364 	0.145 	0.087 	0.272 
021993 	0.362 	0.145 	0.087 	0.269 
021994 	0.365 	0.144 	0.086 	0.271 
021995 	0.366 	0.151 	0.090 	0.254 

WORD START END ASDSCORE
AND 0.08 0.19 5.3
OUR 0.19 0.30 4.3
BUILDINGS 0.34 0.84 3.9
AND 0.84 0.94 6.0
OUR 0.94 1.02 6.2
CITIES 1.02 1.54 4.1
THAT 1.54 1.63 2.3
NOT 2.13 2.22 4.4
ONLY 2.22 2.38 4.7
WOULD 2.38 2.52 5.1
FEEL 2.52 2.78 4.8
MORE 2.78 2.92 3.6
NATURAL 2.92 3.45 4.2
THEY 4.02 4.13 2.8
WOULD 4.13 4.27 1.4
PERFORM 4.31 4.92 2.0
