Text:  NEEDLESS TO SAY WHEN WE LANDED THE OTHER END AND I CHECK OUT MY 
Conf:  1
Ref:   0LxPAY9yis8

FRAME 	X 	Y 	W 	H 
003160 	0.656 	0.161 	0.066 	0.219 
003161 	0.655 	0.162 	0.066 	0.217 
003162 	0.654 	0.160 	0.066 	0.223 
003163 	0.649 	0.157 	0.070 	0.229 
003164 	0.650 	0.161 	0.068 	0.220 
003165 	0.650 	0.161 	0.068 	0.220 
003166 	0.648 	0.158 	0.069 	0.222 
003167 	0.648 	0.153 	0.069 	0.230 
003168 	0.648 	0.157 	0.066 	0.222 
003169 	0.648 	0.159 	0.065 	0.221 
003170 	0.646 	0.153 	0.067 	0.225 
003171 	0.644 	0.154 	0.067 	0.227 
003172 	0.642 	0.152 	0.068 	0.227 
003173 	0.641 	0.151 	0.068 	0.230 
003174 	0.640 	0.152 	0.069 	0.234 
003175 	0.641 	0.150 	0.067 	0.233 
003176 	0.640 	0.152 	0.068 	0.231 
003177 	0.640 	0.152 	0.068 	0.232 
003178 	0.640 	0.155 	0.069 	0.230 
003179 	0.641 	0.157 	0.067 	0.227 
003180 	0.640 	0.154 	0.068 	0.230 
003181 	0.639 	0.156 	0.068 	0.226 
003182 	0.639 	0.156 	0.068 	0.227 
003183 	0.639 	0.154 	0.068 	0.231 
003184 	0.639 	0.156 	0.069 	0.228 
003185 	0.639 	0.157 	0.068 	0.224 
003186 	0.638 	0.158 	0.068 	0.221 
003187 	0.638 	0.160 	0.068 	0.221 
003188 	0.638 	0.158 	0.069 	0.223 
003189 	0.638 	0.158 	0.069 	0.223 
003190 	0.638 	0.157 	0.069 	0.221 
003191 	0.637 	0.157 	0.069 	0.220 
003192 	0.636 	0.158 	0.070 	0.219 
003193 	0.635 	0.162 	0.067 	0.215 
003194 	0.634 	0.166 	0.064 	0.211 
003195 	0.636 	0.157 	0.069 	0.214 
003196 	0.633 	0.166 	0.063 	0.210 
003197 	0.634 	0.165 	0.063 	0.209 
003198 	0.635 	0.159 	0.069 	0.212 
003199 	0.636 	0.158 	0.069 	0.211 
003200 	0.635 	0.157 	0.069 	0.212 
003201 	0.632 	0.160 	0.065 	0.218 
003202 	0.632 	0.161 	0.064 	0.217 
003203 	0.632 	0.160 	0.066 	0.220 
003204 	0.631 	0.159 	0.065 	0.217 
003205 	0.631 	0.160 	0.065 	0.217 
003206 	0.632 	0.160 	0.066 	0.217 
003207 	0.630 	0.124 	0.077 	0.255 
003208 	0.636 	0.153 	0.069 	0.218 
003209 	0.635 	0.154 	0.069 	0.214 
003210 	0.635 	0.154 	0.070 	0.211 
003211 	0.636 	0.151 	0.071 	0.226 
003212 	0.636 	0.152 	0.071 	0.225 
003213 	0.637 	0.151 	0.070 	0.221 
003214 	0.637 	0.151 	0.070 	0.221 
003215 	0.636 	0.151 	0.071 	0.223 
003216 	0.637 	0.151 	0.070 	0.228 
003217 	0.639 	0.152 	0.069 	0.230 
003218 	0.640 	0.152 	0.069 	0.231 
003219 	0.641 	0.151 	0.069 	0.228 
003220 	0.641 	0.150 	0.069 	0.232 
003221 	0.642 	0.150 	0.068 	0.231 
003222 	0.642 	0.151 	0.069 	0.232 
003223 	0.642 	0.151 	0.070 	0.232 
003224 	0.642 	0.154 	0.069 	0.229 
003225 	0.640 	0.152 	0.071 	0.233 
003226 	0.640 	0.155 	0.072 	0.232 
003227 	0.639 	0.128 	0.083 	0.269 
003228 	0.640 	0.129 	0.083 	0.273 
003229 	0.638 	0.129 	0.085 	0.274 
003230 	0.638 	0.128 	0.086 	0.275 
003231 	0.638 	0.129 	0.088 	0.262 
003232 	0.637 	0.129 	0.088 	0.260 
003233 	0.635 	0.131 	0.091 	0.262 
003234 	0.635 	0.134 	0.085 	0.262 
003235 	0.633 	0.133 	0.086 	0.266 
003236 	0.631 	0.132 	0.085 	0.266 
003237 	0.629 	0.134 	0.084 	0.263 
003238 	0.629 	0.134 	0.084 	0.263 
003239 	0.627 	0.138 	0.083 	0.254 
003240 	0.626 	0.178 	0.067 	0.212 
003241 	0.623 	0.177 	0.068 	0.216 
003242 	0.621 	0.179 	0.068 	0.214 
003243 	0.620 	0.179 	0.069 	0.215 
003244 	0.619 	0.173 	0.069 	0.223 
003245 	0.618 	0.162 	0.070 	0.225 
003246 	0.616 	0.156 	0.072 	0.230 
003247 	0.616 	0.120 	0.083 	0.271 
003248 	0.615 	0.116 	0.083 	0.281 
003249 	0.614 	0.111 	0.084 	0.282 
003250 	0.613 	0.111 	0.085 	0.280 
003251 	0.613 	0.110 	0.085 	0.276 
003252 	0.612 	0.102 	0.086 	0.280 
003253 	0.610 	0.098 	0.087 	0.281 
003254 	0.606 	0.102 	0.089 	0.272 
003255 	0.607 	0.098 	0.089 	0.275 
003256 	0.612 	0.094 	0.085 	0.282 
003257 	0.611 	0.087 	0.085 	0.287 
003258 	0.612 	0.091 	0.085 	0.280 
003259 	0.611 	0.089 	0.086 	0.279 
003260 	0.612 	0.088 	0.085 	0.277 
003261 	0.610 	0.100 	0.086 	0.263 
003262 	0.610 	0.100 	0.086 	0.263 
003263 	0.610 	0.097 	0.087 	0.265 
003264 	0.613 	0.089 	0.082 	0.271 
003265 	0.613 	0.090 	0.082 	0.274 
003266 	0.609 	0.099 	0.087 	0.270 
003267 	0.606 	0.097 	0.087 	0.271 
003268 	0.606 	0.098 	0.086 	0.267 
003269 	0.604 	0.098 	0.088 	0.268 
003270 	0.602 	0.093 	0.089 	0.279 
003271 	0.602 	0.096 	0.089 	0.278 
003272 	0.601 	0.097 	0.089 	0.280 
003273 	0.601 	0.099 	0.089 	0.280 
003274 	0.602 	0.103 	0.087 	0.277 
003275 	0.602 	0.100 	0.089 	0.286 
003276 	0.602 	0.103 	0.090 	0.284 
003277 	0.600 	0.108 	0.090 	0.276 
003278 	0.601 	0.109 	0.089 	0.275 
003279 	0.601 	0.112 	0.088 	0.276 

WORD START END ASDSCORE
NEEDLESS 0.10 0.49 2.9
TO 0.49 0.57 5.9
SAY 0.57 1.17 6.5
WHEN 1.60 1.75 6.0
WE 1.75 1.92 6.8
LANDED 1.92 2.30 7.6
THE 2.30 2.40 10.1
OTHER 2.40 2.68 10.6
END 2.68 2.94 9.3
AND 2.94 3.03 6.1
I 3.03 3.18 4.3
CHECK 3.18 3.50 3.3
OUT 3.50 4.40 6.9
MY 4.40 4.68 7.1
