Text:  ANOTHER REASON WHY WE NEED TO DO A BETTER JOB OF OUR FUTURE TRANSPORTATION THIS PLANET OF OURS EARTH IS THIS WONDERFUL AMAZING BEAUTIFUL SELF ORGANIZING SELF BALANCING ECOSYSTEM AND IN THE LAST FEW HUNDRED YEARS ALONE MANKIND HAS SUCCEEDED IN DANGEROUSLY UNBALANCING THIS SYSTEM TO THE POINT WHERE OUR VERY EXISTENCE IS UNDER THREAT 
Conf:  4
Ref:   0LxPAY9yis8

FRAME 	X 	Y 	W 	H 
004319 	0.555 	0.118 	0.097 	0.257 
004320 	0.554 	0.117 	0.097 	0.258 
004321 	0.554 	0.117 	0.097 	0.260 
004322 	0.555 	0.118 	0.097 	0.260 
004323 	0.554 	0.120 	0.097 	0.257 
004324 	0.554 	0.121 	0.097 	0.259 
004325 	0.555 	0.123 	0.097 	0.258 
004326 	0.553 	0.125 	0.099 	0.250 
004327 	0.553 	0.125 	0.100 	0.247 
004328 	0.554 	0.127 	0.098 	0.246 
004329 	0.555 	0.124 	0.098 	0.248 
004330 	0.554 	0.125 	0.100 	0.246 
004331 	0.555 	0.124 	0.099 	0.248 
004332 	0.556 	0.121 	0.097 	0.250 
004333 	0.555 	0.123 	0.099 	0.252 
004334 	0.556 	0.123 	0.097 	0.252 
004335 	0.557 	0.126 	0.097 	0.251 
004336 	0.560 	0.128 	0.094 	0.251 
004337 	0.560 	0.128 	0.094 	0.251 
004338 	0.560 	0.131 	0.095 	0.250 
004339 	0.559 	0.129 	0.097 	0.250 
004340 	0.560 	0.130 	0.098 	0.250 
004341 	0.559 	0.131 	0.100 	0.248 
004342 	0.559 	0.132 	0.099 	0.249 
004343 	0.558 	0.133 	0.101 	0.250 
004344 	0.558 	0.134 	0.101 	0.248 
004345 	0.558 	0.134 	0.101 	0.250 
004346 	0.559 	0.133 	0.100 	0.250 
004347 	0.559 	0.135 	0.098 	0.251 
004348 	0.560 	0.136 	0.098 	0.253 
004349 	0.559 	0.135 	0.098 	0.253 
004350 	0.559 	0.136 	0.098 	0.254 
004351 	0.559 	0.133 	0.098 	0.257 
004352 	0.561 	0.133 	0.095 	0.257 
004353 	0.563 	0.136 	0.093 	0.258 
004354 	0.562 	0.133 	0.092 	0.260 
004355 	0.560 	0.133 	0.093 	0.257 
004356 	0.559 	0.132 	0.095 	0.256 
004357 	0.556 	0.130 	0.098 	0.260 
004358 	0.554 	0.133 	0.099 	0.256 
004359 	0.555 	0.131 	0.098 	0.257 
004360 	0.555 	0.132 	0.098 	0.256 
004361 	0.555 	0.132 	0.098 	0.256 
004362 	0.553 	0.131 	0.097 	0.256 
004363 	0.552 	0.130 	0.098 	0.259 
004364 	0.550 	0.132 	0.100 	0.256 
004365 	0.549 	0.133 	0.099 	0.254 
004366 	0.549 	0.133 	0.099 	0.254 
004367 	0.548 	0.133 	0.100 	0.255 
004368 	0.550 	0.134 	0.098 	0.255 
004369 	0.550 	0.135 	0.099 	0.254 
004370 	0.550 	0.134 	0.098 	0.255 
004371 	0.551 	0.135 	0.096 	0.255 
004372 	0.549 	0.135 	0.098 	0.256 
004373 	0.549 	0.136 	0.097 	0.254 
004374 	0.550 	0.134 	0.097 	0.257 
004375 	0.550 	0.133 	0.096 	0.257 
004376 	0.550 	0.133 	0.096 	0.258 
004377 	0.550 	0.132 	0.096 	0.257 
004378 	0.549 	0.132 	0.096 	0.255 
004379 	0.550 	0.133 	0.097 	0.253 
004380 	0.550 	0.133 	0.096 	0.255 
004381 	0.550 	0.133 	0.096 	0.255 
004382 	0.550 	0.131 	0.098 	0.259 
004383 	0.549 	0.131 	0.098 	0.258 
004384 	0.548 	0.131 	0.102 	0.251 
004385 	0.548 	0.131 	0.102 	0.251 
004386 	0.549 	0.130 	0.099 	0.255 
004387 	0.549 	0.130 	0.100 	0.255 
004388 	0.549 	0.131 	0.099 	0.256 
004389 	0.550 	0.134 	0.100 	0.251 
004390 	0.550 	0.132 	0.097 	0.253 
004391 	0.551 	0.133 	0.095 	0.252 
004392 	0.550 	0.133 	0.096 	0.253 
004393 	0.550 	0.131 	0.096 	0.256 
004394 	0.551 	0.133 	0.094 	0.254 
004395 	0.550 	0.132 	0.096 	0.255 
004396 	0.550 	0.132 	0.096 	0.256 
004397 	0.551 	0.133 	0.097 	0.258 
004398 	0.551 	0.131 	0.099 	0.259 
004399 	0.550 	0.132 	0.098 	0.257 
004400 	0.550 	0.132 	0.100 	0.252 
004401 	0.550 	0.131 	0.099 	0.253 
004402 	0.552 	0.133 	0.097 	0.249 
004403 	0.552 	0.132 	0.098 	0.250 
004404 	0.552 	0.132 	0.099 	0.250 
004405 	0.553 	0.132 	0.098 	0.249 
004406 	0.553 	0.133 	0.099 	0.251 
004407 	0.553 	0.135 	0.098 	0.250 
004408 	0.553 	0.134 	0.099 	0.247 
004409 	0.552 	0.132 	0.099 	0.248 
004410 	0.552 	0.132 	0.099 	0.248 
004411 	0.553 	0.131 	0.100 	0.249 
004412 	0.554 	0.129 	0.098 	0.251 
004413 	0.554 	0.129 	0.098 	0.251 
004414 	0.555 	0.131 	0.097 	0.254 
004415 	0.555 	0.129 	0.098 	0.253 
004416 	0.556 	0.130 	0.096 	0.252 
004417 	0.556 	0.130 	0.096 	0.255 
004418 	0.556 	0.130 	0.097 	0.255 
004419 	0.555 	0.130 	0.097 	0.256 
004420 	0.552 	0.132 	0.099 	0.253 
004421 	0.552 	0.133 	0.098 	0.254 
004422 	0.551 	0.137 	0.098 	0.251 
004423 	0.551 	0.138 	0.096 	0.251 
004424 	0.548 	0.138 	0.098 	0.257 
004425 	0.546 	0.141 	0.098 	0.252 
004426 	0.543 	0.141 	0.097 	0.253 
004427 	0.537 	0.145 	0.095 	0.255 
004428 	0.534 	0.150 	0.096 	0.253 
004429 	0.532 	0.157 	0.095 	0.248 
004430 	0.530 	0.160 	0.095 	0.250 
004431 	0.527 	0.168 	0.095 	0.248 
004432 	0.522 	0.172 	0.096 	0.246 
004433 	0.517 	0.178 	0.098 	0.240 
004434 	0.517 	0.178 	0.098 	0.240 
004435 	0.512 	0.184 	0.097 	0.236 
004436 	0.504 	0.185 	0.098 	0.239 
004437 	0.499 	0.186 	0.095 	0.241 
004438 	0.492 	0.192 	0.098 	0.240 
004439 	0.488 	0.188 	0.097 	0.244 
004440 	0.481 	0.192 	0.098 	0.241 
004441 	0.477 	0.189 	0.099 	0.247 
004442 	0.471 	0.195 	0.101 	0.239 
004443 	0.467 	0.198 	0.099 	0.233 
004444 	0.460 	0.200 	0.099 	0.231 
004445 	0.451 	0.199 	0.101 	0.232 
004446 	0.448 	0.197 	0.098 	0.236 
004447 	0.442 	0.198 	0.100 	0.237 
004448 	0.436 	0.188 	0.099 	0.246 
004449 	0.430 	0.220 	0.103 	0.202 
004450 	0.424 	0.191 	0.099 	0.237 
004451 	0.421 	0.187 	0.097 	0.245 
004452 	0.418 	0.187 	0.097 	0.242 
004453 	0.412 	0.186 	0.099 	0.244 
004454 	0.406 	0.183 	0.100 	0.243 
004455 	0.403 	0.179 	0.095 	0.249 
004456 	0.396 	0.179 	0.095 	0.249 
004457 	0.392 	0.175 	0.095 	0.247 
004458 	0.389 	0.171 	0.096 	0.249 
004459 	0.389 	0.171 	0.096 	0.249 
004460 	0.383 	0.166 	0.097 	0.252 
004461 	0.379 	0.157 	0.099 	0.254 
004462 	0.373 	0.152 	0.101 	0.252 
004463 	0.370 	0.146 	0.100 	0.248 
004464 	0.367 	0.135 	0.100 	0.255 
004465 	0.366 	0.124 	0.098 	0.266 
004466 	0.363 	0.126 	0.096 	0.256 
004467 	0.359 	0.118 	0.097 	0.259 
004468 	0.356 	0.116 	0.097 	0.254 
004469 	0.350 	0.114 	0.099 	0.248 
004470 	0.347 	0.113 	0.098 	0.246 
004471 	0.344 	0.110 	0.098 	0.251 
004472 	0.343 	0.105 	0.098 	0.257 
004473 	0.341 	0.105 	0.098 	0.261 
004474 	0.340 	0.103 	0.102 	0.264 
004475 	0.340 	0.102 	0.101 	0.268 
004476 	0.340 	0.101 	0.099 	0.266 
004477 	0.341 	0.106 	0.099 	0.260 
004478 	0.340 	0.109 	0.098 	0.259 
004479 	0.342 	0.109 	0.096 	0.260 
004480 	0.342 	0.112 	0.095 	0.259 
004481 	0.344 	0.111 	0.095 	0.259 
004482 	0.343 	0.109 	0.097 	0.254 
004483 	0.343 	0.109 	0.097 	0.254 
004484 	0.343 	0.111 	0.098 	0.254 
004485 	0.344 	0.113 	0.098 	0.254 
004486 	0.344 	0.113 	0.097 	0.262 
004487 	0.344 	0.113 	0.098 	0.265 
004488 	0.343 	0.114 	0.100 	0.261 
004489 	0.344 	0.117 	0.099 	0.258 
004490 	0.343 	0.117 	0.099 	0.257 
004491 	0.346 	0.119 	0.096 	0.258 
004492 	0.347 	0.120 	0.095 	0.257 
004493 	0.347 	0.121 	0.095 	0.257 
004494 	0.347 	0.122 	0.096 	0.255 
004495 	0.349 	0.122 	0.095 	0.255 
004496 	0.350 	0.121 	0.094 	0.254 
004497 	0.349 	0.118 	0.098 	0.254 
004498 	0.352 	0.118 	0.098 	0.252 
004499 	0.352 	0.118 	0.098 	0.250 
004500 	0.353 	0.115 	0.099 	0.250 
004501 	0.354 	0.113 	0.099 	0.253 
004502 	0.356 	0.112 	0.099 	0.251 
004503 	0.358 	0.113 	0.098 	0.252 
004504 	0.358 	0.112 	0.098 	0.250 
004505 	0.361 	0.110 	0.097 	0.254 
004506 	0.361 	0.110 	0.097 	0.256 
004507 	0.361 	0.110 	0.097 	0.256 
004508 	0.362 	0.110 	0.096 	0.254 
004509 	0.362 	0.109 	0.098 	0.257 
004510 	0.361 	0.110 	0.100 	0.252 
004511 	0.361 	0.112 	0.101 	0.249 
004512 	0.361 	0.114 	0.100 	0.247 
004513 	0.363 	0.115 	0.100 	0.249 
004514 	0.363 	0.113 	0.100 	0.249 
004515 	0.361 	0.113 	0.101 	0.248 
004516 	0.360 	0.115 	0.100 	0.246 
004517 	0.361 	0.113 	0.099 	0.252 
004518 	0.360 	0.118 	0.101 	0.247 
004519 	0.359 	0.115 	0.099 	0.252 
004520 	0.358 	0.116 	0.100 	0.255 
004521 	0.357 	0.117 	0.100 	0.257 
004522 	0.358 	0.118 	0.099 	0.258 
004523 	0.358 	0.119 	0.097 	0.259 
004524 	0.358 	0.122 	0.096 	0.256 
004525 	0.357 	0.123 	0.098 	0.254 
004526 	0.359 	0.123 	0.097 	0.255 
004527 	0.358 	0.124 	0.098 	0.255 
004528 	0.358 	0.123 	0.097 	0.256 
004529 	0.359 	0.122 	0.097 	0.256 
004530 	0.361 	0.120 	0.096 	0.257 
004531 	0.361 	0.119 	0.095 	0.260 
004532 	0.361 	0.119 	0.095 	0.260 
004533 	0.362 	0.121 	0.094 	0.259 
004534 	0.362 	0.118 	0.094 	0.261 
004535 	0.362 	0.120 	0.096 	0.256 
004536 	0.362 	0.121 	0.097 	0.252 
004537 	0.362 	0.121 	0.097 	0.255 
004538 	0.363 	0.120 	0.097 	0.256 
004539 	0.365 	0.118 	0.096 	0.260 
004540 	0.366 	0.117 	0.094 	0.265 
004541 	0.365 	0.118 	0.096 	0.263 
004542 	0.365 	0.120 	0.096 	0.260 
004543 	0.367 	0.121 	0.095 	0.261 
004544 	0.367 	0.120 	0.095 	0.263 
004545 	0.366 	0.122 	0.096 	0.259 
004546 	0.365 	0.124 	0.097 	0.256 
004547 	0.365 	0.124 	0.097 	0.255 
004548 	0.365 	0.122 	0.097 	0.256 
004549 	0.364 	0.121 	0.098 	0.261 
004550 	0.365 	0.121 	0.099 	0.259 
004551 	0.368 	0.121 	0.096 	0.260 
004552 	0.368 	0.121 	0.097 	0.263 
004553 	0.369 	0.121 	0.094 	0.264 
004554 	0.369 	0.119 	0.095 	0.266 
004555 	0.368 	0.120 	0.096 	0.263 
004556 	0.368 	0.120 	0.096 	0.263 
004557 	0.366 	0.120 	0.099 	0.254 
004558 	0.364 	0.124 	0.099 	0.252 
004559 	0.366 	0.123 	0.097 	0.255 
004560 	0.365 	0.125 	0.097 	0.250 
004561 	0.365 	0.123 	0.096 	0.260 
004562 	0.364 	0.123 	0.097 	0.263 
004563 	0.363 	0.125 	0.097 	0.261 
004564 	0.363 	0.128 	0.096 	0.261 
004565 	0.363 	0.127 	0.096 	0.261 
004566 	0.361 	0.128 	0.097 	0.260 
004567 	0.362 	0.128 	0.096 	0.260 
004568 	0.362 	0.128 	0.097 	0.262 
004569 	0.362 	0.124 	0.099 	0.265 
004570 	0.363 	0.126 	0.099 	0.261 
004571 	0.362 	0.126 	0.099 	0.261 
004572 	0.364 	0.124 	0.098 	0.264 
004573 	0.364 	0.125 	0.098 	0.263 
004574 	0.366 	0.125 	0.097 	0.261 
004575 	0.367 	0.124 	0.096 	0.263 
004576 	0.368 	0.122 	0.094 	0.261 
004577 	0.368 	0.122 	0.096 	0.257 
004578 	0.370 	0.120 	0.095 	0.257 
004579 	0.371 	0.122 	0.094 	0.256 
004580 	0.370 	0.121 	0.095 	0.256 
004581 	0.370 	0.121 	0.095 	0.256 
004582 	0.370 	0.121 	0.095 	0.259 
004583 	0.371 	0.121 	0.095 	0.261 
004584 	0.371 	0.120 	0.096 	0.261 
004585 	0.371 	0.120 	0.095 	0.261 
004586 	0.371 	0.122 	0.095 	0.259 
004587 	0.370 	0.123 	0.096 	0.260 
004588 	0.371 	0.123 	0.095 	0.260 
004589 	0.369 	0.122 	0.099 	0.256 
004590 	0.369 	0.120 	0.100 	0.256 
004591 	0.368 	0.119 	0.101 	0.259 
004592 	0.367 	0.121 	0.101 	0.255 
004593 	0.367 	0.121 	0.101 	0.257 
004594 	0.370 	0.121 	0.098 	0.256 
004595 	0.370 	0.121 	0.098 	0.257 
004596 	0.370 	0.122 	0.099 	0.255 
004597 	0.370 	0.122 	0.100 	0.254 
004598 	0.370 	0.124 	0.099 	0.253 
004599 	0.369 	0.124 	0.100 	0.252 
004600 	0.371 	0.123 	0.098 	0.255 
004601 	0.370 	0.121 	0.098 	0.258 
004602 	0.370 	0.121 	0.097 	0.259 
004603 	0.367 	0.122 	0.101 	0.257 
004604 	0.368 	0.124 	0.100 	0.261 
004605 	0.368 	0.124 	0.100 	0.261 
004606 	0.367 	0.127 	0.100 	0.257 
004607 	0.368 	0.127 	0.100 	0.258 
004608 	0.368 	0.132 	0.099 	0.254 
004609 	0.369 	0.133 	0.098 	0.255 
004610 	0.369 	0.132 	0.098 	0.257 
004611 	0.369 	0.134 	0.097 	0.254 
004612 	0.369 	0.135 	0.098 	0.254 
004613 	0.369 	0.135 	0.098 	0.254 
004614 	0.370 	0.136 	0.097 	0.252 
004615 	0.369 	0.137 	0.100 	0.253 
004616 	0.369 	0.138 	0.100 	0.254 
004617 	0.369 	0.139 	0.100 	0.252 
004618 	0.370 	0.139 	0.099 	0.253 
004619 	0.370 	0.138 	0.099 	0.255 
004620 	0.371 	0.138 	0.099 	0.255 
004621 	0.372 	0.139 	0.097 	0.255 
004622 	0.371 	0.137 	0.099 	0.256 
004623 	0.373 	0.136 	0.097 	0.256 
004624 	0.373 	0.133 	0.097 	0.257 
004625 	0.373 	0.133 	0.099 	0.258 
004626 	0.375 	0.131 	0.097 	0.258 
004627 	0.377 	0.130 	0.097 	0.259 
004628 	0.379 	0.127 	0.098 	0.257 
004629 	0.376 	0.127 	0.099 	0.256 
004630 	0.376 	0.127 	0.099 	0.256 
004631 	0.378 	0.127 	0.098 	0.253 
004632 	0.376 	0.124 	0.099 	0.253 
004633 	0.377 	0.126 	0.097 	0.251 
004634 	0.377 	0.126 	0.097 	0.253 
004635 	0.376 	0.124 	0.097 	0.253 
004636 	0.375 	0.123 	0.097 	0.251 
004637 	0.375 	0.121 	0.098 	0.255 
004638 	0.375 	0.120 	0.099 	0.258 
004639 	0.373 	0.120 	0.100 	0.259 
004640 	0.372 	0.120 	0.101 	0.259 
004641 	0.370 	0.119 	0.101 	0.261 
004642 	0.370 	0.121 	0.100 	0.259 
004643 	0.371 	0.123 	0.099 	0.257 
004644 	0.369 	0.122 	0.100 	0.256 
004645 	0.369 	0.123 	0.099 	0.253 
004646 	0.369 	0.122 	0.097 	0.255 
004647 	0.368 	0.122 	0.097 	0.256 
004648 	0.368 	0.122 	0.095 	0.256 
004649 	0.368 	0.124 	0.095 	0.254 
004650 	0.367 	0.125 	0.096 	0.254 
004651 	0.367 	0.124 	0.096 	0.253 
004652 	0.366 	0.126 	0.097 	0.249 
004653 	0.364 	0.125 	0.097 	0.248 
004654 	0.364 	0.125 	0.097 	0.248 
004655 	0.364 	0.127 	0.097 	0.245 
004656 	0.364 	0.127 	0.096 	0.247 
004657 	0.364 	0.128 	0.095 	0.248 
004658 	0.363 	0.128 	0.097 	0.247 
004659 	0.363 	0.128 	0.097 	0.248 
004660 	0.362 	0.127 	0.097 	0.248 
004661 	0.362 	0.127 	0.098 	0.251 
004662 	0.361 	0.127 	0.099 	0.252 
004663 	0.360 	0.131 	0.099 	0.248 
004664 	0.360 	0.131 	0.098 	0.254 
004665 	0.360 	0.129 	0.097 	0.255 
004666 	0.360 	0.129 	0.098 	0.258 
004667 	0.361 	0.129 	0.096 	0.259 
004668 	0.360 	0.128 	0.096 	0.258 
004669 	0.361 	0.129 	0.096 	0.258 
004670 	0.361 	0.129 	0.096 	0.257 
004671 	0.362 	0.130 	0.095 	0.251 
004672 	0.360 	0.129 	0.097 	0.248 
004673 	0.358 	0.127 	0.099 	0.247 
004674 	0.358 	0.128 	0.100 	0.247 
004675 	0.358 	0.127 	0.098 	0.246 
004676 	0.360 	0.128 	0.096 	0.242 
004677 	0.360 	0.125 	0.097 	0.247 
004678 	0.360 	0.125 	0.097 	0.247 
004679 	0.361 	0.127 	0.096 	0.245 
004680 	0.362 	0.127 	0.095 	0.246 
004681 	0.361 	0.126 	0.096 	0.248 
004682 	0.360 	0.127 	0.097 	0.247 
004683 	0.361 	0.126 	0.097 	0.251 
004684 	0.362 	0.125 	0.097 	0.257 
004685 	0.362 	0.122 	0.097 	0.261 
004686 	0.361 	0.122 	0.098 	0.261 
004687 	0.363 	0.124 	0.097 	0.258 
004688 	0.363 	0.125 	0.095 	0.256 
004689 	0.363 	0.124 	0.094 	0.256 
004690 	0.364 	0.124 	0.094 	0.255 
004691 	0.363 	0.125 	0.093 	0.254 
004692 	0.362 	0.126 	0.096 	0.257 
004693 	0.362 	0.125 	0.096 	0.260 
004694 	0.361 	0.125 	0.097 	0.262 
004695 	0.362 	0.124 	0.097 	0.259 
004696 	0.361 	0.124 	0.096 	0.259 
004697 	0.361 	0.125 	0.098 	0.258 
004698 	0.359 	0.125 	0.099 	0.257 
004699 	0.360 	0.127 	0.099 	0.252 
004700 	0.360 	0.127 	0.098 	0.252 
004701 	0.359 	0.128 	0.100 	0.253 
004702 	0.360 	0.127 	0.097 	0.257 
004703 	0.360 	0.127 	0.097 	0.257 
004704 	0.360 	0.127 	0.098 	0.255 
004705 	0.360 	0.124 	0.099 	0.260 
004706 	0.361 	0.123 	0.099 	0.258 
004707 	0.362 	0.121 	0.098 	0.258 
004708 	0.363 	0.120 	0.097 	0.258 
004709 	0.364 	0.118 	0.099 	0.260 
004710 	0.366 	0.118 	0.097 	0.263 
004711 	0.367 	0.122 	0.096 	0.261 
004712 	0.368 	0.122 	0.098 	0.260 
004713 	0.369 	0.122 	0.096 	0.263 
004714 	0.369 	0.124 	0.096 	0.264 
004715 	0.371 	0.126 	0.096 	0.262 
004716 	0.370 	0.126 	0.096 	0.265 
004717 	0.370 	0.126 	0.096 	0.265 
004718 	0.369 	0.127 	0.098 	0.265 
004719 	0.370 	0.129 	0.097 	0.262 
004720 	0.370 	0.130 	0.096 	0.262 
004721 	0.371 	0.133 	0.096 	0.261 
004722 	0.371 	0.135 	0.095 	0.259 
004723 	0.369 	0.135 	0.099 	0.251 
004724 	0.368 	0.137 	0.099 	0.248 
004725 	0.369 	0.137 	0.099 	0.249 
004726 	0.368 	0.136 	0.099 	0.251 
004727 	0.368 	0.136 	0.099 	0.251 
004728 	0.368 	0.136 	0.099 	0.250 
004729 	0.368 	0.136 	0.099 	0.248 
004730 	0.368 	0.139 	0.099 	0.245 
004731 	0.367 	0.139 	0.100 	0.243 
004732 	0.367 	0.139 	0.100 	0.244 
004733 	0.367 	0.139 	0.100 	0.244 
004734 	0.367 	0.139 	0.101 	0.244 
004735 	0.367 	0.138 	0.100 	0.244 
004736 	0.366 	0.139 	0.100 	0.244 
004737 	0.367 	0.137 	0.100 	0.246 
004738 	0.367 	0.138 	0.100 	0.247 
004739 	0.368 	0.136 	0.098 	0.250 
004740 	0.368 	0.136 	0.099 	0.253 
004741 	0.369 	0.135 	0.097 	0.257 
004742 	0.368 	0.136 	0.099 	0.256 
004743 	0.366 	0.136 	0.102 	0.256 
004744 	0.368 	0.139 	0.099 	0.253 
004745 	0.368 	0.144 	0.098 	0.252 
004746 	0.368 	0.144 	0.099 	0.250 
004747 	0.370 	0.144 	0.098 	0.252 
004748 	0.372 	0.146 	0.096 	0.252 
004749 	0.372 	0.148 	0.095 	0.251 
004750 	0.373 	0.149 	0.094 	0.250 
004751 	0.374 	0.151 	0.096 	0.252 
004752 	0.374 	0.151 	0.096 	0.252 
004753 	0.377 	0.153 	0.097 	0.249 
004754 	0.382 	0.151 	0.094 	0.250 
004755 	0.385 	0.153 	0.094 	0.246 
004756 	0.388 	0.155 	0.094 	0.243 
004757 	0.390 	0.154 	0.094 	0.245 
004758 	0.395 	0.153 	0.093 	0.245 
004759 	0.403 	0.143 	0.088 	0.252 
004760 	0.407 	0.145 	0.091 	0.249 
004761 	0.411 	0.147 	0.092 	0.244 
004762 	0.417 	0.141 	0.094 	0.248 
004763 	0.422 	0.137 	0.097 	0.251 
004764 	0.427 	0.131 	0.098 	0.254 
004765 	0.436 	0.132 	0.096 	0.249 
004766 	0.442 	0.134 	0.093 	0.246 
004767 	0.448 	0.134 	0.096 	0.243 
004768 	0.453 	0.131 	0.095 	0.245 
004769 	0.458 	0.129 	0.096 	0.243 
004770 	0.466 	0.131 	0.095 	0.238 
004771 	0.471 	0.130 	0.096 	0.243 
004772 	0.476 	0.127 	0.094 	0.245 
004773 	0.478 	0.125 	0.095 	0.250 
004774 	0.482 	0.123 	0.095 	0.252 
004775 	0.488 	0.125 	0.096 	0.248 
004776 	0.488 	0.125 	0.096 	0.248 
004777 	0.491 	0.127 	0.096 	0.247 
004778 	0.495 	0.127 	0.096 	0.248 
004779 	0.499 	0.127 	0.096 	0.248 
004780 	0.502 	0.130 	0.096 	0.245 
004781 	0.505 	0.128 	0.095 	0.248 
004782 	0.507 	0.129 	0.094 	0.249 
004783 	0.510 	0.128 	0.093 	0.249 
004784 	0.511 	0.125 	0.092 	0.253 
004785 	0.513 	0.123 	0.095 	0.253 
004786 	0.513 	0.123 	0.095 	0.251 
004787 	0.515 	0.123 	0.097 	0.252 
004788 	0.515 	0.121 	0.096 	0.254 
004789 	0.516 	0.122 	0.098 	0.254 
004790 	0.517 	0.123 	0.097 	0.252 
004791 	0.516 	0.122 	0.096 	0.253 
004792 	0.515 	0.121 	0.094 	0.254 
004793 	0.514 	0.122 	0.094 	0.253 
004794 	0.514 	0.122 	0.095 	0.255 
004795 	0.513 	0.120 	0.095 	0.255 
004796 	0.512 	0.121 	0.095 	0.256 
004797 	0.512 	0.123 	0.094 	0.254 
004798 	0.512 	0.125 	0.095 	0.252 
004799 	0.510 	0.125 	0.095 	0.253 
004800 	0.510 	0.125 	0.095 	0.253 
004801 	0.510 	0.129 	0.095 	0.249 
004802 	0.508 	0.129 	0.098 	0.249 
004803 	0.508 	0.131 	0.096 	0.246 
004804 	0.507 	0.131 	0.097 	0.248 
004805 	0.507 	0.132 	0.097 	0.248 
004806 	0.508 	0.132 	0.095 	0.247 
004807 	0.508 	0.130 	0.095 	0.252 
004808 	0.507 	0.130 	0.096 	0.251 
004809 	0.508 	0.131 	0.097 	0.253 
004810 	0.508 	0.130 	0.097 	0.255 
004811 	0.508 	0.128 	0.095 	0.257 
004812 	0.508 	0.127 	0.097 	0.255 
004813 	0.507 	0.126 	0.098 	0.248 
004814 	0.506 	0.123 	0.097 	0.250 
004815 	0.505 	0.123 	0.098 	0.253 
004816 	0.506 	0.120 	0.095 	0.261 
004817 	0.504 	0.120 	0.098 	0.261 
004818 	0.504 	0.121 	0.098 	0.258 
004819 	0.503 	0.126 	0.096 	0.250 
004820 	0.502 	0.124 	0.098 	0.252 
004821 	0.502 	0.124 	0.096 	0.253 
004822 	0.501 	0.126 	0.097 	0.251 
004823 	0.500 	0.126 	0.097 	0.250 
004824 	0.500 	0.122 	0.098 	0.255 
004825 	0.500 	0.122 	0.098 	0.255 
004826 	0.500 	0.124 	0.097 	0.253 
004827 	0.501 	0.123 	0.097 	0.254 
004828 	0.500 	0.123 	0.098 	0.255 
004829 	0.500 	0.123 	0.099 	0.257 
004830 	0.500 	0.123 	0.098 	0.253 
004831 	0.499 	0.125 	0.098 	0.253 
004832 	0.501 	0.125 	0.096 	0.254 
004833 	0.501 	0.124 	0.096 	0.258 
004834 	0.501 	0.124 	0.095 	0.257 
004835 	0.501 	0.124 	0.097 	0.257 
004836 	0.502 	0.125 	0.096 	0.256 
004837 	0.502 	0.124 	0.097 	0.256 
004838 	0.502 	0.127 	0.096 	0.254 
004839 	0.502 	0.128 	0.097 	0.253 
004840 	0.503 	0.128 	0.095 	0.255 
004841 	0.503 	0.128 	0.096 	0.255 
004842 	0.504 	0.129 	0.096 	0.254 
004843 	0.504 	0.127 	0.097 	0.257 
004844 	0.504 	0.128 	0.096 	0.256 
004845 	0.504 	0.130 	0.096 	0.255 
004846 	0.504 	0.131 	0.097 	0.253 
004847 	0.504 	0.133 	0.096 	0.253 
004848 	0.503 	0.132 	0.098 	0.252 
004849 	0.503 	0.132 	0.098 	0.252 
004850 	0.503 	0.133 	0.099 	0.250 
004851 	0.503 	0.133 	0.098 	0.250 
004852 	0.503 	0.132 	0.099 	0.251 
004853 	0.503 	0.131 	0.099 	0.252 
004854 	0.503 	0.132 	0.099 	0.249 
004855 	0.503 	0.129 	0.100 	0.253 
004856 	0.505 	0.131 	0.099 	0.249 
004857 	0.506 	0.130 	0.097 	0.251 
004858 	0.506 	0.131 	0.095 	0.252 
004859 	0.506 	0.131 	0.097 	0.251 
004860 	0.506 	0.131 	0.097 	0.252 
004861 	0.507 	0.131 	0.098 	0.252 
004862 	0.507 	0.131 	0.098 	0.251 
004863 	0.508 	0.129 	0.096 	0.251 
004864 	0.507 	0.128 	0.096 	0.249 
004865 	0.508 	0.126 	0.095 	0.252 
004866 	0.507 	0.127 	0.093 	0.253 
004867 	0.507 	0.126 	0.093 	0.254 
004868 	0.507 	0.126 	0.094 	0.254 
004869 	0.506 	0.128 	0.094 	0.255 
004870 	0.506 	0.127 	0.093 	0.257 
004871 	0.506 	0.127 	0.094 	0.257 
004872 	0.505 	0.126 	0.095 	0.256 
004873 	0.505 	0.127 	0.094 	0.254 
004874 	0.505 	0.127 	0.094 	0.254 
004875 	0.504 	0.126 	0.095 	0.256 
004876 	0.505 	0.126 	0.094 	0.256 
004877 	0.503 	0.125 	0.094 	0.258 
004878 	0.504 	0.127 	0.094 	0.256 
004879 	0.503 	0.128 	0.095 	0.254 
004880 	0.504 	0.128 	0.095 	0.254 
004881 	0.503 	0.128 	0.096 	0.256 
004882 	0.503 	0.128 	0.095 	0.254 
004883 	0.502 	0.127 	0.097 	0.255 
004884 	0.502 	0.126 	0.098 	0.256 
004885 	0.503 	0.124 	0.097 	0.259 
004886 	0.502 	0.124 	0.099 	0.258 
004887 	0.503 	0.124 	0.097 	0.258 
004888 	0.504 	0.124 	0.096 	0.259 
004889 	0.503 	0.128 	0.096 	0.253 
004890 	0.501 	0.128 	0.098 	0.249 
004891 	0.502 	0.130 	0.094 	0.245 
004892 	0.502 	0.128 	0.093 	0.249 
004893 	0.501 	0.126 	0.095 	0.255 
004894 	0.501 	0.125 	0.095 	0.256 
004895 	0.500 	0.128 	0.095 	0.253 
004896 	0.500 	0.128 	0.096 	0.252 
004897 	0.498 	0.127 	0.098 	0.253 
004898 	0.498 	0.127 	0.098 	0.253 
004899 	0.499 	0.128 	0.095 	0.251 
004900 	0.499 	0.127 	0.096 	0.254 
004901 	0.499 	0.130 	0.097 	0.253 
004902 	0.500 	0.130 	0.095 	0.252 
004903 	0.502 	0.132 	0.095 	0.252 
004904 	0.499 	0.131 	0.098 	0.254 
004905 	0.499 	0.133 	0.099 	0.253 
004906 	0.499 	0.133 	0.100 	0.252 
004907 	0.500 	0.134 	0.100 	0.255 
004908 	0.502 	0.134 	0.098 	0.257 
004909 	0.501 	0.132 	0.098 	0.259 
004910 	0.501 	0.129 	0.098 	0.261 
004911 	0.502 	0.131 	0.097 	0.260 
004912 	0.501 	0.132 	0.097 	0.259 
004913 	0.502 	0.133 	0.097 	0.260 
004914 	0.501 	0.134 	0.098 	0.259 
004915 	0.500 	0.134 	0.098 	0.258 
004916 	0.500 	0.135 	0.097 	0.258 
004917 	0.500 	0.135 	0.098 	0.256 
004918 	0.500 	0.136 	0.098 	0.255 
004919 	0.500 	0.137 	0.099 	0.253 
004920 	0.501 	0.135 	0.098 	0.247 
004921 	0.500 	0.136 	0.099 	0.248 
004922 	0.501 	0.135 	0.098 	0.249 
004923 	0.501 	0.135 	0.098 	0.249 
004924 	0.502 	0.133 	0.097 	0.256 
004925 	0.502 	0.132 	0.097 	0.257 
004926 	0.501 	0.132 	0.098 	0.256 
004927 	0.502 	0.134 	0.098 	0.256 
004928 	0.504 	0.133 	0.096 	0.257 
004929 	0.505 	0.133 	0.096 	0.257 
004930 	0.505 	0.132 	0.097 	0.258 
004931 	0.506 	0.131 	0.095 	0.258 
004932 	0.506 	0.130 	0.096 	0.256 
004933 	0.507 	0.131 	0.096 	0.254 
004934 	0.507 	0.129 	0.094 	0.252 
004935 	0.508 	0.128 	0.096 	0.252 
004936 	0.509 	0.128 	0.095 	0.255 
004937 	0.510 	0.129 	0.095 	0.256 
004938 	0.511 	0.131 	0.096 	0.255 
004939 	0.512 	0.130 	0.097 	0.257 
004940 	0.514 	0.133 	0.097 	0.254 
004941 	0.516 	0.133 	0.096 	0.255 
004942 	0.521 	0.137 	0.095 	0.251 
004943 	0.523 	0.138 	0.095 	0.250 
004944 	0.525 	0.139 	0.095 	0.250 
004945 	0.526 	0.134 	0.097 	0.259 
004946 	0.527 	0.135 	0.097 	0.259 
004947 	0.527 	0.135 	0.097 	0.259 
004948 	0.529 	0.133 	0.096 	0.263 
004949 	0.531 	0.134 	0.094 	0.259 
004950 	0.529 	0.134 	0.097 	0.253 
004951 	0.529 	0.128 	0.099 	0.254 
004952 	0.530 	0.128 	0.098 	0.256 
004953 	0.531 	0.129 	0.098 	0.261 
004954 	0.531 	0.125 	0.098 	0.263 
004955 	0.531 	0.125 	0.097 	0.262 
004956 	0.530 	0.126 	0.096 	0.263 
004957 	0.530 	0.125 	0.097 	0.262 
004958 	0.528 	0.124 	0.098 	0.263 
004959 	0.528 	0.123 	0.097 	0.263 
004960 	0.527 	0.124 	0.096 	0.261 
004961 	0.526 	0.126 	0.096 	0.259 
004962 	0.525 	0.127 	0.095 	0.258 
004963 	0.523 	0.126 	0.095 	0.263 
004964 	0.521 	0.127 	0.094 	0.262 
004965 	0.522 	0.127 	0.093 	0.257 
004966 	0.520 	0.128 	0.095 	0.259 
004967 	0.519 	0.130 	0.094 	0.257 
004968 	0.518 	0.129 	0.095 	0.256 
004969 	0.516 	0.130 	0.096 	0.255 
004970 	0.514 	0.129 	0.095 	0.255 
004971 	0.514 	0.129 	0.095 	0.255 
004972 	0.513 	0.129 	0.095 	0.256 
004973 	0.513 	0.131 	0.095 	0.256 
004974 	0.513 	0.131 	0.096 	0.257 
004975 	0.512 	0.131 	0.096 	0.258 
004976 	0.512 	0.132 	0.097 	0.258 
004977 	0.513 	0.135 	0.095 	0.253 
004978 	0.513 	0.133 	0.096 	0.258 
004979 	0.513 	0.134 	0.096 	0.254 
004980 	0.512 	0.134 	0.097 	0.256 
004981 	0.511 	0.133 	0.098 	0.257 
004982 	0.511 	0.134 	0.096 	0.256 
004983 	0.513 	0.134 	0.093 	0.257 
004984 	0.512 	0.132 	0.094 	0.254 
004985 	0.510 	0.133 	0.096 	0.253 
004986 	0.509 	0.132 	0.095 	0.255 
004987 	0.509 	0.135 	0.096 	0.251 
004988 	0.509 	0.139 	0.096 	0.249 
004989 	0.509 	0.137 	0.095 	0.252 
004990 	0.512 	0.135 	0.093 	0.258 
004991 	0.511 	0.137 	0.093 	0.255 
004992 	0.507 	0.140 	0.097 	0.246 
004993 	0.507 	0.143 	0.097 	0.246 
004994 	0.509 	0.140 	0.093 	0.250 
004995 	0.508 	0.141 	0.094 	0.248 

WORD START END ASDSCORE
ANOTHER 0.07 0.50 6.1
REASON 0.50 0.80 7.2
WHY 1.37 1.70 7.9
WE 1.70 1.79 9.0
NEED 1.79 2.06 8.9
TO 2.06 2.19 9.6
DO 2.19 2.53 8.2
A 2.53 2.62 4.1
BETTER 2.62 2.96 7.5
JOB 2.96 3.35 8.3
OF 3.35 3.47 5.4
OUR 3.47 3.63 4.1
FUTURE 3.63 4.05 3.9
TRANSPORTATION 4.05 4.91 5.3
THIS 5.77 6.05 6.7
PLANET 6.05 6.48 7.3
OF 6.48 6.61 7.5
OURS 6.61 7.16 7.3
EARTH 7.32 7.38 2.2
IS 7.38 7.81 1.8
THIS 8.30 8.69 3.5
WONDERFUL 8.74 9.43 6.4
AMAZING 9.43 10.12 7.1
BEAUTIFUL 10.45 11.07 2.3
SELF 12.08 12.57 5.4
ORGANIZING 12.57 13.29 7.6
SELF 13.78 14.27 4.1
BALANCING 14.51 15.29 6.0
ECOSYSTEM 15.37 16.20 3.2
AND 17.17 17.31 0.0
IN 17.31 17.42 1.0
THE 17.42 17.56 2.9
LAST 17.56 17.98 4.1
FEW 17.99 18.28 5.2
HUNDRED 18.28 18.67 7.1
YEARS 18.67 18.98 6.0
ALONE 18.98 19.45 6.6
MANKIND 19.77 20.55 3.2
HAS 20.55 20.66 5.8
SUCCEEDED 20.66 21.48 3.8
IN 21.74 21.92 4.4
DANGEROUSLY 21.92 22.70 6.3
UNBALANCING 22.70 23.49 7.5
THIS 23.49 23.72 6.3
SYSTEM 23.72 24.07 3.9
TO 24.36 24.48 5.9
THE 24.48 24.61 6.3
POINT 24.61 24.97 4.5
WHERE 24.97 25.17 3.5
OUR 25.17 25.26 6.4
VERY 25.26 25.55 7.1
EXISTENCE 25.55 26.20 5.5
IS 26.20 26.33 4.8
UNDER 26.33 26.57 5.5
THREAT 26.57 26.95 6.6
