Text:  BE PUT THROUGH AN ITERATIVE PROCESS OF INTENSE DISCUSSIONS INTENSE COLLABORATIVE PROCESSES BREAKOUT SESSIONS WORKING BY THEMSELVES VERY HARD AND THEY EACH WILL HAVE A WORK STATION WHICH IS HIGHLY NETWORKED SO THAT EVERYBODY CAN SHARE INFORMATION AND THEY'LL HAVE AROUND THE WALLS SOME SMART BOARDS SO THAT THERE THEY CAN SEE THE PROGRESS THEY MAKE AND IT MIGHT SOUND LIKE A RATHER CHAOTIC PROCESS BUT THE SECRET IS ACTUALLY IN THE MODERATION 
Conf:  1
Ref:   0LxPAY9yis8

FRAME 	X 	Y 	W 	H 
015650 	0.451 	0.145 	0.128 	0.325 
015651 	0.452 	0.151 	0.126 	0.322 
015652 	0.455 	0.149 	0.124 	0.323 
015653 	0.453 	0.151 	0.126 	0.322 
015654 	0.452 	0.150 	0.126 	0.324 
015655 	0.451 	0.148 	0.127 	0.325 
015656 	0.451 	0.151 	0.128 	0.319 
015657 	0.450 	0.151 	0.128 	0.317 
015658 	0.452 	0.152 	0.124 	0.320 
015659 	0.450 	0.150 	0.124 	0.319 
015660 	0.448 	0.148 	0.125 	0.322 
015661 	0.449 	0.148 	0.126 	0.319 
015662 	0.447 	0.146 	0.126 	0.322 
015663 	0.446 	0.146 	0.128 	0.321 
015664 	0.446 	0.147 	0.127 	0.319 
015665 	0.446 	0.147 	0.127 	0.319 
015666 	0.446 	0.145 	0.127 	0.322 
015667 	0.444 	0.144 	0.128 	0.322 
015668 	0.446 	0.143 	0.124 	0.326 
015669 	0.445 	0.143 	0.126 	0.327 
015670 	0.444 	0.142 	0.126 	0.328 
015671 	0.443 	0.142 	0.126 	0.330 
015672 	0.443 	0.146 	0.124 	0.321 
015673 	0.442 	0.145 	0.123 	0.325 
015674 	0.442 	0.147 	0.124 	0.326 
015675 	0.442 	0.147 	0.124 	0.328 
015676 	0.440 	0.147 	0.124 	0.326 
015677 	0.438 	0.145 	0.125 	0.329 
015678 	0.438 	0.148 	0.126 	0.321 
015679 	0.438 	0.146 	0.125 	0.323 
015680 	0.440 	0.144 	0.123 	0.327 
015681 	0.438 	0.143 	0.126 	0.326 
015682 	0.438 	0.145 	0.125 	0.324 
015683 	0.438 	0.144 	0.124 	0.324 
015684 	0.438 	0.142 	0.124 	0.326 
015685 	0.439 	0.144 	0.124 	0.323 
015686 	0.440 	0.142 	0.123 	0.323 
015687 	0.438 	0.143 	0.126 	0.320 
015688 	0.439 	0.143 	0.126 	0.319 
015689 	0.439 	0.143 	0.126 	0.319 
015690 	0.439 	0.140 	0.126 	0.323 
015691 	0.441 	0.138 	0.125 	0.325 
015692 	0.443 	0.137 	0.124 	0.324 
015693 	0.442 	0.134 	0.125 	0.321 
015694 	0.444 	0.134 	0.123 	0.322 
015695 	0.443 	0.134 	0.125 	0.323 
015696 	0.444 	0.134 	0.125 	0.324 
015697 	0.447 	0.140 	0.122 	0.318 
015698 	0.447 	0.141 	0.122 	0.319 
015699 	0.447 	0.142 	0.124 	0.321 
015700 	0.448 	0.142 	0.123 	0.320 
015701 	0.446 	0.144 	0.123 	0.319 
015702 	0.447 	0.148 	0.123 	0.320 
015703 	0.447 	0.151 	0.125 	0.321 
015704 	0.447 	0.155 	0.125 	0.322 
015705 	0.448 	0.155 	0.124 	0.323 
015706 	0.447 	0.156 	0.126 	0.320 
015707 	0.449 	0.157 	0.125 	0.322 
015708 	0.449 	0.160 	0.124 	0.316 
015709 	0.448 	0.160 	0.124 	0.319 
015710 	0.448 	0.161 	0.124 	0.320 
015711 	0.449 	0.161 	0.123 	0.321 
015712 	0.447 	0.155 	0.125 	0.324 
015713 	0.448 	0.158 	0.123 	0.320 
015714 	0.448 	0.158 	0.123 	0.320 
015715 	0.445 	0.156 	0.126 	0.322 
015716 	0.446 	0.161 	0.125 	0.320 
015717 	0.445 	0.155 	0.125 	0.327 
015718 	0.446 	0.158 	0.124 	0.323 
015719 	0.446 	0.157 	0.124 	0.324 
015720 	0.444 	0.152 	0.126 	0.328 
015721 	0.446 	0.158 	0.126 	0.322 
015722 	0.446 	0.160 	0.126 	0.320 
015723 	0.448 	0.158 	0.125 	0.320 
015724 	0.449 	0.156 	0.127 	0.321 
015725 	0.450 	0.155 	0.126 	0.322 
015726 	0.451 	0.151 	0.127 	0.328 
015727 	0.451 	0.151 	0.127 	0.327 
015728 	0.452 	0.151 	0.126 	0.328 
015729 	0.453 	0.154 	0.125 	0.324 
015730 	0.452 	0.150 	0.126 	0.330 
015731 	0.453 	0.151 	0.125 	0.328 
015732 	0.453 	0.151 	0.125 	0.326 
015733 	0.454 	0.152 	0.123 	0.320 
015734 	0.452 	0.152 	0.122 	0.322 
015735 	0.452 	0.153 	0.123 	0.318 
015736 	0.451 	0.150 	0.124 	0.321 
015737 	0.450 	0.150 	0.125 	0.317 
015738 	0.450 	0.150 	0.125 	0.317 
015739 	0.448 	0.149 	0.127 	0.318 
015740 	0.448 	0.152 	0.127 	0.314 
015741 	0.449 	0.153 	0.125 	0.316 
015742 	0.447 	0.153 	0.129 	0.317 
015743 	0.446 	0.154 	0.129 	0.318 
015744 	0.448 	0.157 	0.125 	0.316 
015745 	0.447 	0.156 	0.127 	0.317 
015746 	0.447 	0.157 	0.126 	0.316 
015747 	0.447 	0.158 	0.124 	0.315 
015748 	0.448 	0.159 	0.123 	0.315 
015749 	0.446 	0.156 	0.125 	0.319 
015750 	0.448 	0.158 	0.125 	0.316 
015751 	0.449 	0.154 	0.123 	0.321 
015752 	0.449 	0.155 	0.124 	0.323 
015753 	0.449 	0.152 	0.124 	0.326 
015754 	0.449 	0.152 	0.123 	0.327 
015755 	0.448 	0.150 	0.123 	0.328 
015756 	0.449 	0.150 	0.124 	0.324 
015757 	0.447 	0.147 	0.124 	0.327 
015758 	0.446 	0.150 	0.125 	0.321 
015759 	0.446 	0.149 	0.125 	0.319 
015760 	0.447 	0.151 	0.123 	0.317 
015761 	0.445 	0.149 	0.125 	0.317 
015762 	0.446 	0.150 	0.123 	0.318 
015763 	0.446 	0.150 	0.123 	0.318 
015764 	0.447 	0.152 	0.122 	0.320 
015765 	0.447 	0.150 	0.123 	0.323 
015766 	0.448 	0.149 	0.122 	0.322 
015767 	0.448 	0.154 	0.122 	0.317 
015768 	0.448 	0.153 	0.122 	0.320 
015769 	0.450 	0.153 	0.120 	0.322 
015770 	0.449 	0.156 	0.121 	0.317 
015771 	0.448 	0.155 	0.124 	0.319 
015772 	0.449 	0.156 	0.124 	0.321 
015773 	0.448 	0.156 	0.126 	0.324 
015774 	0.449 	0.156 	0.124 	0.326 
015775 	0.448 	0.154 	0.126 	0.328 
015776 	0.450 	0.155 	0.125 	0.323 
015777 	0.451 	0.154 	0.124 	0.323 
015778 	0.450 	0.152 	0.124 	0.323 
015779 	0.450 	0.152 	0.124 	0.323 
015780 	0.451 	0.152 	0.123 	0.324 
015781 	0.451 	0.153 	0.122 	0.320 
015782 	0.451 	0.152 	0.124 	0.323 
015783 	0.450 	0.148 	0.124 	0.330 
015784 	0.450 	0.147 	0.125 	0.328 
015785 	0.451 	0.149 	0.124 	0.323 
015786 	0.451 	0.150 	0.124 	0.322 
015787 	0.451 	0.150 	0.124 	0.322 
015788 	0.451 	0.153 	0.125 	0.319 
015789 	0.450 	0.150 	0.125 	0.323 
015790 	0.449 	0.152 	0.127 	0.322 
015791 	0.449 	0.151 	0.126 	0.324 
015792 	0.447 	0.149 	0.127 	0.325 
015793 	0.449 	0.154 	0.124 	0.319 
015794 	0.447 	0.153 	0.126 	0.322 
015795 	0.447 	0.154 	0.126 	0.320 
015796 	0.448 	0.154 	0.126 	0.319 
015797 	0.447 	0.154 	0.126 	0.317 
015798 	0.446 	0.155 	0.127 	0.315 
015799 	0.447 	0.153 	0.125 	0.321 
015800 	0.449 	0.155 	0.124 	0.318 
015801 	0.447 	0.154 	0.124 	0.319 
015802 	0.447 	0.152 	0.124 	0.320 
015803 	0.448 	0.154 	0.125 	0.319 
015804 	0.447 	0.156 	0.122 	0.319 
015805 	0.446 	0.156 	0.124 	0.317 
015806 	0.445 	0.155 	0.127 	0.320 
015807 	0.446 	0.162 	0.127 	0.314 
015808 	0.447 	0.157 	0.124 	0.321 
015809 	0.448 	0.161 	0.122 	0.320 
015810 	0.447 	0.162 	0.123 	0.320 
015811 	0.447 	0.162 	0.123 	0.320 
015812 	0.446 	0.162 	0.124 	0.319 
015813 	0.446 	0.161 	0.124 	0.320 
015814 	0.446 	0.162 	0.124 	0.319 
015815 	0.448 	0.161 	0.123 	0.320 
015816 	0.446 	0.159 	0.124 	0.320 
015817 	0.446 	0.161 	0.124 	0.315 
015818 	0.446 	0.160 	0.123 	0.315 
015819 	0.446 	0.158 	0.124 	0.316 
015820 	0.447 	0.164 	0.124 	0.310 
015821 	0.444 	0.158 	0.128 	0.313 
015822 	0.446 	0.156 	0.127 	0.310 
015823 	0.445 	0.149 	0.129 	0.311 
015824 	0.443 	0.142 	0.129 	0.317 
015825 	0.443 	0.136 	0.128 	0.320 
015826 	0.443 	0.134 	0.129 	0.320 
015827 	0.443 	0.134 	0.131 	0.323 
015828 	0.445 	0.136 	0.129 	0.325 
015829 	0.447 	0.141 	0.127 	0.325 
015830 	0.449 	0.147 	0.124 	0.323 
015831 	0.451 	0.147 	0.126 	0.324 
015832 	0.454 	0.149 	0.127 	0.325 
015833 	0.458 	0.151 	0.126 	0.320 
015834 	0.460 	0.150 	0.127 	0.320 
015835 	0.463 	0.148 	0.128 	0.321 
015836 	0.463 	0.148 	0.128 	0.321 
015837 	0.469 	0.150 	0.127 	0.318 
015838 	0.474 	0.149 	0.122 	0.316 
015839 	0.478 	0.143 	0.124 	0.328 
015840 	0.481 	0.138 	0.127 	0.328 
015841 	0.487 	0.136 	0.127 	0.318 
015842 	0.494 	0.129 	0.125 	0.321 
015843 	0.500 	0.126 	0.124 	0.321 
015844 	0.505 	0.122 	0.127 	0.326 
015845 	0.512 	0.122 	0.126 	0.322 
015846 	0.517 	0.124 	0.128 	0.320 
015847 	0.525 	0.122 	0.126 	0.319 
015848 	0.529 	0.119 	0.125 	0.318 
015849 	0.533 	0.120 	0.127 	0.317 
015850 	0.534 	0.112 	0.129 	0.329 
015851 	0.538 	0.111 	0.130 	0.334 
015852 	0.542 	0.111 	0.129 	0.334 
015853 	0.547 	0.112 	0.128 	0.332 
015854 	0.547 	0.115 	0.130 	0.322 
015855 	0.551 	0.115 	0.126 	0.321 
015856 	0.553 	0.116 	0.126 	0.321 
015857 	0.555 	0.117 	0.128 	0.323 
015858 	0.555 	0.118 	0.128 	0.322 
015859 	0.559 	0.121 	0.126 	0.318 
015860 	0.559 	0.121 	0.126 	0.318 
015861 	0.561 	0.122 	0.124 	0.317 
015862 	0.560 	0.120 	0.127 	0.318 
015863 	0.562 	0.118 	0.127 	0.319 
015864 	0.561 	0.118 	0.127 	0.319 
015865 	0.562 	0.119 	0.126 	0.320 
015866 	0.563 	0.116 	0.125 	0.324 
015867 	0.563 	0.114 	0.124 	0.325 
015868 	0.562 	0.114 	0.126 	0.327 
015869 	0.560 	0.111 	0.125 	0.327 
015870 	0.559 	0.113 	0.123 	0.325 
015871 	0.557 	0.113 	0.124 	0.322 
015872 	0.554 	0.111 	0.124 	0.322 
015873 	0.554 	0.116 	0.121 	0.318 
015874 	0.547 	0.110 	0.126 	0.328 
015875 	0.545 	0.110 	0.124 	0.328 
015876 	0.540 	0.111 	0.123 	0.324 
015877 	0.536 	0.112 	0.122 	0.321 
015878 	0.531 	0.117 	0.122 	0.313 
015879 	0.526 	0.119 	0.123 	0.308 
015880 	0.520 	0.113 	0.127 	0.318 
015881 	0.516 	0.110 	0.127 	0.321 
015882 	0.511 	0.111 	0.128 	0.320 
015883 	0.508 	0.109 	0.125 	0.318 
015884 	0.503 	0.108 	0.124 	0.319 
015885 	0.503 	0.108 	0.124 	0.319 
015886 	0.499 	0.104 	0.125 	0.322 
015887 	0.492 	0.103 	0.127 	0.320 
015888 	0.487 	0.102 	0.128 	0.322 
015889 	0.480 	0.104 	0.128 	0.324 
015890 	0.474 	0.107 	0.126 	0.323 
015891 	0.467 	0.111 	0.129 	0.321 
015892 	0.461 	0.108 	0.129 	0.329 
015893 	0.455 	0.108 	0.127 	0.329 
015894 	0.451 	0.109 	0.128 	0.328 
015895 	0.449 	0.114 	0.123 	0.325 
015896 	0.445 	0.115 	0.123 	0.320 
015897 	0.443 	0.116 	0.123 	0.319 
015898 	0.438 	0.117 	0.123 	0.321 
015899 	0.432 	0.122 	0.122 	0.315 
015900 	0.428 	0.122 	0.122 	0.318 
015901 	0.423 	0.123 	0.122 	0.318 
015902 	0.420 	0.124 	0.122 	0.317 
015903 	0.418 	0.124 	0.121 	0.316 
015904 	0.412 	0.128 	0.122 	0.310 
015905 	0.406 	0.125 	0.124 	0.325 
015906 	0.401 	0.126 	0.124 	0.327 
015907 	0.396 	0.126 	0.124 	0.325 
015908 	0.394 	0.128 	0.124 	0.320 
015909 	0.394 	0.128 	0.124 	0.320 
015910 	0.390 	0.127 	0.123 	0.322 
015911 	0.385 	0.123 	0.125 	0.323 
015912 	0.382 	0.123 	0.124 	0.325 
015913 	0.377 	0.123 	0.126 	0.327 
015914 	0.374 	0.121 	0.123 	0.325 
015915 	0.372 	0.124 	0.124 	0.316 
015916 	0.371 	0.125 	0.120 	0.312 
015917 	0.367 	0.124 	0.124 	0.318 
015918 	0.367 	0.127 	0.121 	0.315 
015919 	0.366 	0.126 	0.122 	0.317 
015920 	0.366 	0.127 	0.124 	0.320 
015921 	0.367 	0.128 	0.122 	0.326 
015922 	0.369 	0.128 	0.121 	0.323 
015923 	0.372 	0.130 	0.119 	0.316 
015924 	0.372 	0.130 	0.121 	0.317 
015925 	0.375 	0.131 	0.119 	0.312 
015926 	0.376 	0.131 	0.121 	0.314 
015927 	0.378 	0.131 	0.122 	0.315 
015928 	0.379 	0.130 	0.124 	0.318 
015929 	0.379 	0.128 	0.125 	0.320 
015930 	0.379 	0.129 	0.124 	0.319 
015931 	0.380 	0.129 	0.124 	0.322 
015932 	0.379 	0.131 	0.125 	0.321 
015933 	0.379 	0.132 	0.125 	0.321 
015934 	0.379 	0.132 	0.125 	0.321 
015935 	0.380 	0.130 	0.126 	0.319 
015936 	0.380 	0.130 	0.126 	0.317 
015937 	0.380 	0.127 	0.127 	0.322 
015938 	0.383 	0.125 	0.127 	0.325 
015939 	0.384 	0.126 	0.125 	0.325 
015940 	0.386 	0.126 	0.124 	0.323 
015941 	0.387 	0.126 	0.125 	0.323 
015942 	0.388 	0.122 	0.126 	0.328 
015943 	0.391 	0.128 	0.122 	0.320 
015944 	0.395 	0.127 	0.120 	0.319 
015945 	0.396 	0.129 	0.121 	0.318 
015946 	0.397 	0.125 	0.120 	0.325 
015947 	0.398 	0.120 	0.120 	0.333 
015948 	0.400 	0.125 	0.117 	0.322 
015949 	0.399 	0.123 	0.120 	0.321 
015950 	0.397 	0.121 	0.124 	0.324 
015951 	0.398 	0.121 	0.124 	0.322 
015952 	0.399 	0.121 	0.124 	0.325 
015953 	0.399 	0.123 	0.125 	0.329 
015954 	0.399 	0.124 	0.127 	0.331 
015955 	0.400 	0.126 	0.127 	0.322 
015956 	0.402 	0.126 	0.126 	0.320 
015957 	0.404 	0.130 	0.125 	0.311 
015958 	0.404 	0.130 	0.125 	0.311 
015959 	0.403 	0.130 	0.125 	0.312 
015960 	0.403 	0.128 	0.125 	0.317 
015961 	0.404 	0.128 	0.123 	0.324 
015962 	0.403 	0.125 	0.125 	0.328 
015963 	0.404 	0.126 	0.125 	0.327 
015964 	0.405 	0.128 	0.124 	0.326 
015965 	0.405 	0.128 	0.127 	0.322 
015966 	0.404 	0.128 	0.127 	0.321 
015967 	0.407 	0.130 	0.124 	0.317 
015968 	0.405 	0.132 	0.126 	0.320 
015969 	0.406 	0.133 	0.126 	0.324 
015970 	0.407 	0.134 	0.126 	0.323 
015971 	0.408 	0.136 	0.126 	0.323 
015972 	0.410 	0.133 	0.123 	0.330 
015973 	0.408 	0.133 	0.125 	0.327 
015974 	0.409 	0.133 	0.124 	0.327 
015975 	0.411 	0.134 	0.123 	0.325 
015976 	0.409 	0.134 	0.126 	0.326 
015977 	0.407 	0.134 	0.128 	0.319 
015978 	0.408 	0.134 	0.127 	0.320 
015979 	0.409 	0.134 	0.125 	0.323 
015980 	0.407 	0.135 	0.127 	0.319 
015981 	0.409 	0.137 	0.126 	0.318 
015982 	0.409 	0.137 	0.126 	0.318 
015983 	0.409 	0.135 	0.125 	0.326 
015984 	0.406 	0.135 	0.127 	0.328 
015985 	0.405 	0.134 	0.128 	0.330 
015986 	0.404 	0.134 	0.129 	0.328 
015987 	0.404 	0.135 	0.127 	0.332 
015988 	0.404 	0.135 	0.126 	0.334 
015989 	0.404 	0.136 	0.124 	0.334 
015990 	0.405 	0.135 	0.124 	0.330 
015991 	0.404 	0.136 	0.124 	0.330 
015992 	0.403 	0.137 	0.124 	0.324 
015993 	0.401 	0.137 	0.124 	0.320 
015994 	0.400 	0.133 	0.125 	0.327 
015995 	0.398 	0.135 	0.126 	0.327 
015996 	0.399 	0.135 	0.125 	0.325 
015997 	0.397 	0.135 	0.126 	0.328 
015998 	0.397 	0.136 	0.127 	0.328 
015999 	0.399 	0.137 	0.125 	0.324 
016000 	0.397 	0.137 	0.126 	0.327 
016001 	0.397 	0.133 	0.127 	0.333 
016002 	0.398 	0.138 	0.127 	0.326 
016003 	0.398 	0.138 	0.126 	0.328 
016004 	0.398 	0.139 	0.127 	0.325 
016005 	0.399 	0.135 	0.125 	0.325 
016006 	0.397 	0.134 	0.126 	0.324 
016007 	0.397 	0.134 	0.126 	0.324 
016008 	0.396 	0.133 	0.127 	0.327 
016009 	0.395 	0.132 	0.129 	0.331 
016010 	0.397 	0.135 	0.126 	0.327 
016011 	0.396 	0.136 	0.126 	0.327 
016012 	0.396 	0.138 	0.127 	0.328 
016013 	0.394 	0.139 	0.126 	0.323 
016014 	0.397 	0.142 	0.123 	0.316 
016015 	0.397 	0.138 	0.123 	0.322 
016016 	0.398 	0.141 	0.123 	0.316 
016017 	0.396 	0.139 	0.123 	0.317 
016018 	0.396 	0.134 	0.123 	0.323 
016019 	0.395 	0.137 	0.124 	0.321 
016020 	0.396 	0.136 	0.124 	0.328 
016021 	0.395 	0.130 	0.122 	0.332 
016022 	0.394 	0.135 	0.124 	0.329 
016023 	0.393 	0.135 	0.124 	0.325 
016024 	0.390 	0.135 	0.125 	0.315 
016025 	0.390 	0.138 	0.125 	0.318 
016026 	0.391 	0.137 	0.121 	0.321 
016027 	0.392 	0.138 	0.119 	0.322 
016028 	0.392 	0.137 	0.119 	0.328 
016029 	0.392 	0.136 	0.120 	0.329 
016030 	0.391 	0.136 	0.120 	0.325 
016031 	0.391 	0.136 	0.120 	0.325 
016032 	0.388 	0.138 	0.124 	0.327 
016033 	0.385 	0.140 	0.128 	0.326 
016034 	0.386 	0.138 	0.124 	0.330 
016035 	0.384 	0.139 	0.125 	0.328 
016036 	0.381 	0.142 	0.126 	0.327 
016037 	0.379 	0.144 	0.128 	0.325 
016038 	0.380 	0.141 	0.126 	0.326 
016039 	0.380 	0.144 	0.126 	0.328 
016040 	0.380 	0.144 	0.126 	0.326 
016041 	0.379 	0.141 	0.127 	0.329 
016042 	0.378 	0.143 	0.127 	0.329 
016043 	0.380 	0.143 	0.125 	0.328 
016044 	0.381 	0.144 	0.123 	0.323 
016045 	0.380 	0.142 	0.124 	0.325 
016046 	0.380 	0.145 	0.124 	0.324 
016047 	0.379 	0.147 	0.125 	0.319 
016048 	0.380 	0.147 	0.127 	0.316 
016049 	0.379 	0.146 	0.129 	0.315 
016050 	0.378 	0.145 	0.128 	0.319 
016051 	0.380 	0.145 	0.124 	0.320 
016052 	0.379 	0.145 	0.126 	0.320 
016053 	0.382 	0.142 	0.122 	0.322 
016054 	0.382 	0.144 	0.124 	0.321 
016055 	0.382 	0.143 	0.122 	0.322 
016056 	0.382 	0.143 	0.122 	0.322 
016057 	0.384 	0.142 	0.122 	0.320 
016058 	0.385 	0.144 	0.122 	0.321 
016059 	0.384 	0.146 	0.124 	0.318 
016060 	0.386 	0.144 	0.123 	0.324 
016061 	0.386 	0.142 	0.124 	0.327 
016062 	0.386 	0.141 	0.124 	0.325 
016063 	0.385 	0.141 	0.125 	0.325 
016064 	0.389 	0.146 	0.121 	0.323 
016065 	0.389 	0.143 	0.122 	0.330 
016066 	0.387 	0.140 	0.123 	0.331 
016067 	0.388 	0.140 	0.123 	0.331 
016068 	0.387 	0.139 	0.123 	0.333 
016069 	0.384 	0.137 	0.126 	0.331 
016070 	0.384 	0.137 	0.128 	0.327 
016071 	0.385 	0.135 	0.128 	0.328 
016072 	0.385 	0.134 	0.127 	0.329 
016073 	0.384 	0.132 	0.127 	0.333 
016074 	0.386 	0.133 	0.125 	0.336 
016075 	0.386 	0.134 	0.125 	0.339 
016076 	0.387 	0.135 	0.123 	0.337 
016077 	0.388 	0.137 	0.121 	0.328 
016078 	0.388 	0.137 	0.120 	0.332 
016079 	0.388 	0.138 	0.121 	0.333 
016080 	0.388 	0.138 	0.121 	0.333 
016081 	0.390 	0.142 	0.120 	0.325 
016082 	0.387 	0.139 	0.123 	0.328 
016083 	0.388 	0.140 	0.123 	0.322 
016084 	0.386 	0.139 	0.127 	0.324 
016085 	0.388 	0.141 	0.124 	0.322 
016086 	0.388 	0.143 	0.126 	0.321 
016087 	0.388 	0.141 	0.124 	0.325 
016088 	0.390 	0.142 	0.124 	0.323 
016089 	0.392 	0.137 	0.125 	0.329 
016090 	0.394 	0.141 	0.122 	0.322 
016091 	0.390 	0.139 	0.127 	0.323 
016092 	0.394 	0.141 	0.124 	0.322 
016093 	0.395 	0.139 	0.125 	0.329 
016094 	0.392 	0.139 	0.129 	0.324 
016095 	0.394 	0.139 	0.127 	0.323 
016096 	0.395 	0.138 	0.125 	0.326 
016097 	0.393 	0.135 	0.127 	0.330 
016098 	0.394 	0.139 	0.126 	0.327 
016099 	0.397 	0.137 	0.123 	0.331 
016100 	0.396 	0.141 	0.125 	0.325 
016101 	0.394 	0.140 	0.127 	0.331 
016102 	0.391 	0.141 	0.131 	0.333 
016103 	0.392 	0.141 	0.129 	0.333 
016104 	0.392 	0.141 	0.129 	0.333 
016105 	0.391 	0.144 	0.130 	0.331 
016106 	0.393 	0.144 	0.128 	0.332 
016107 	0.394 	0.145 	0.127 	0.333 
016108 	0.395 	0.143 	0.126 	0.334 
016109 	0.394 	0.144 	0.126 	0.334 
016110 	0.393 	0.144 	0.127 	0.333 
016111 	0.393 	0.144 	0.129 	0.335 
016112 	0.394 	0.144 	0.127 	0.334 
016113 	0.392 	0.145 	0.129 	0.334 
016114 	0.392 	0.145 	0.129 	0.338 
016115 	0.392 	0.146 	0.130 	0.336 
016116 	0.392 	0.147 	0.129 	0.332 
016117 	0.395 	0.148 	0.126 	0.331 
016118 	0.393 	0.149 	0.128 	0.330 
016119 	0.393 	0.149 	0.129 	0.330 
016120 	0.389 	0.146 	0.134 	0.325 
016121 	0.389 	0.143 	0.134 	0.329 
016122 	0.391 	0.145 	0.130 	0.325 
016123 	0.392 	0.145 	0.129 	0.326 
016124 	0.391 	0.144 	0.130 	0.331 
016125 	0.390 	0.145 	0.131 	0.322 
016126 	0.391 	0.143 	0.130 	0.331 
016127 	0.392 	0.146 	0.127 	0.328 
016128 	0.392 	0.147 	0.127 	0.325 
016129 	0.392 	0.147 	0.127 	0.325 
016130 	0.393 	0.148 	0.125 	0.327 
016131 	0.393 	0.148 	0.125 	0.326 
016132 	0.393 	0.147 	0.124 	0.330 
016133 	0.393 	0.147 	0.124 	0.325 
016134 	0.391 	0.148 	0.126 	0.323 
016135 	0.391 	0.145 	0.126 	0.323 
016136 	0.392 	0.145 	0.124 	0.323 
016137 	0.391 	0.143 	0.126 	0.323 
016138 	0.391 	0.141 	0.127 	0.332 
016139 	0.390 	0.141 	0.126 	0.333 
016140 	0.391 	0.140 	0.126 	0.331 
016141 	0.389 	0.138 	0.127 	0.336 
016142 	0.386 	0.139 	0.131 	0.330 
016143 	0.386 	0.139 	0.129 	0.328 
016144 	0.386 	0.138 	0.128 	0.326 
016145 	0.387 	0.140 	0.127 	0.323 
016146 	0.387 	0.138 	0.126 	0.328 
016147 	0.389 	0.139 	0.126 	0.327 
016148 	0.388 	0.138 	0.126 	0.326 
016149 	0.390 	0.138 	0.125 	0.329 
016150 	0.389 	0.138 	0.126 	0.325 
016151 	0.389 	0.137 	0.125 	0.326 
016152 	0.391 	0.140 	0.124 	0.322 
016153 	0.391 	0.140 	0.124 	0.322 
016154 	0.392 	0.140 	0.123 	0.320 
016155 	0.393 	0.138 	0.122 	0.326 
016156 	0.394 	0.139 	0.122 	0.325 
016157 	0.393 	0.138 	0.123 	0.333 
016158 	0.392 	0.137 	0.125 	0.337 
016159 	0.393 	0.139 	0.126 	0.326 
016160 	0.393 	0.138 	0.127 	0.324 
016161 	0.394 	0.140 	0.128 	0.322 
016162 	0.395 	0.139 	0.128 	0.331 
016163 	0.398 	0.142 	0.128 	0.324 
016164 	0.399 	0.144 	0.128 	0.325 
016165 	0.401 	0.144 	0.127 	0.329 
016166 	0.400 	0.146 	0.128 	0.324 
016167 	0.401 	0.147 	0.128 	0.319 
016168 	0.402 	0.149 	0.128 	0.316 
016169 	0.402 	0.147 	0.128 	0.313 
016170 	0.402 	0.145 	0.127 	0.322 
016171 	0.402 	0.144 	0.126 	0.326 
016172 	0.402 	0.145 	0.125 	0.325 
016173 	0.403 	0.147 	0.128 	0.314 
016174 	0.401 	0.144 	0.125 	0.325 
016175 	0.399 	0.145 	0.129 	0.325 
016176 	0.398 	0.145 	0.129 	0.324 
016177 	0.396 	0.144 	0.132 	0.322 
016178 	0.396 	0.144 	0.132 	0.322 
016179 	0.397 	0.144 	0.131 	0.320 
016180 	0.398 	0.142 	0.130 	0.323 
016181 	0.398 	0.145 	0.129 	0.322 
016182 	0.397 	0.143 	0.130 	0.326 
016183 	0.398 	0.143 	0.131 	0.326 
016184 	0.401 	0.145 	0.127 	0.324 
016185 	0.400 	0.142 	0.128 	0.324 
016186 	0.399 	0.142 	0.129 	0.324 
016187 	0.400 	0.142 	0.127 	0.323 
016188 	0.399 	0.142 	0.128 	0.325 
016189 	0.400 	0.142 	0.126 	0.327 
016190 	0.399 	0.144 	0.126 	0.324 
016191 	0.397 	0.146 	0.129 	0.319 
016192 	0.398 	0.146 	0.127 	0.318 
016193 	0.399 	0.145 	0.127 	0.322 
016194 	0.401 	0.147 	0.125 	0.331 
016195 	0.399 	0.146 	0.126 	0.330 
016196 	0.398 	0.145 	0.125 	0.329 
016197 	0.399 	0.143 	0.124 	0.327 
016198 	0.397 	0.142 	0.125 	0.322 
016199 	0.398 	0.143 	0.124 	0.322 
016200 	0.399 	0.145 	0.122 	0.321 
016201 	0.397 	0.142 	0.123 	0.321 
016202 	0.397 	0.142 	0.123 	0.321 
016203 	0.396 	0.140 	0.125 	0.324 
016204 	0.398 	0.143 	0.121 	0.321 
016205 	0.395 	0.142 	0.126 	0.320 
016206 	0.394 	0.137 	0.126 	0.324 
016207 	0.394 	0.137 	0.125 	0.323 
016208 	0.393 	0.134 	0.126 	0.326 
016209 	0.394 	0.135 	0.125 	0.325 
016210 	0.393 	0.135 	0.125 	0.326 
016211 	0.393 	0.134 	0.126 	0.328 
016212 	0.392 	0.135 	0.125 	0.328 
016213 	0.392 	0.133 	0.124 	0.328 
016214 	0.392 	0.138 	0.123 	0.321 
016215 	0.390 	0.140 	0.122 	0.321 
016216 	0.388 	0.138 	0.124 	0.324 
016217 	0.389 	0.142 	0.121 	0.319 
016218 	0.389 	0.139 	0.122 	0.323 
016219 	0.387 	0.139 	0.125 	0.321 
016220 	0.386 	0.139 	0.126 	0.321 
016221 	0.389 	0.137 	0.124 	0.323 
016222 	0.387 	0.133 	0.127 	0.325 
016223 	0.387 	0.133 	0.127 	0.325 
016224 	0.390 	0.133 	0.125 	0.327 
016225 	0.390 	0.135 	0.125 	0.324 
016226 	0.391 	0.133 	0.125 	0.328 
016227 	0.391 	0.133 	0.125 	0.328 
016228 	0.391 	0.135 	0.127 	0.330 
016229 	0.390 	0.133 	0.129 	0.330 
016230 	0.391 	0.134 	0.128 	0.327 
016231 	0.394 	0.134 	0.125 	0.325 
016232 	0.394 	0.133 	0.127 	0.326 
016233 	0.393 	0.134 	0.126 	0.321 
016234 	0.393 	0.133 	0.127 	0.323 
016235 	0.393 	0.132 	0.125 	0.326 
016236 	0.395 	0.135 	0.123 	0.323 
016237 	0.394 	0.137 	0.124 	0.324 
016238 	0.391 	0.136 	0.125 	0.322 
016239 	0.390 	0.137 	0.124 	0.322 
016240 	0.388 	0.135 	0.127 	0.322 
016241 	0.387 	0.138 	0.126 	0.319 
016242 	0.385 	0.139 	0.127 	0.322 
016243 	0.387 	0.138 	0.125 	0.321 
016244 	0.385 	0.136 	0.126 	0.325 
016245 	0.389 	0.138 	0.121 	0.322 
016246 	0.389 	0.138 	0.122 	0.321 
016247 	0.388 	0.137 	0.124 	0.327 
016248 	0.387 	0.135 	0.125 	0.326 
016249 	0.386 	0.135 	0.124 	0.326 
016250 	0.384 	0.134 	0.125 	0.325 
016251 	0.384 	0.134 	0.125 	0.325 
016252 	0.384 	0.134 	0.125 	0.325 
016253 	0.383 	0.134 	0.126 	0.329 
016254 	0.383 	0.135 	0.126 	0.330 
016255 	0.382 	0.135 	0.127 	0.328 
016256 	0.383 	0.138 	0.124 	0.325 
016257 	0.382 	0.140 	0.125 	0.323 
016258 	0.381 	0.140 	0.126 	0.326 
016259 	0.381 	0.143 	0.127 	0.322 
016260 	0.380 	0.143 	0.129 	0.321 
016261 	0.379 	0.143 	0.129 	0.320 
016262 	0.379 	0.142 	0.128 	0.321 
016263 	0.381 	0.145 	0.124 	0.320 
016264 	0.378 	0.140 	0.126 	0.327 
016265 	0.378 	0.138 	0.126 	0.334 
016266 	0.375 	0.146 	0.127 	0.323 
016267 	0.377 	0.147 	0.125 	0.320 
016268 	0.376 	0.148 	0.126 	0.320 
016269 	0.377 	0.150 	0.125 	0.317 
016270 	0.376 	0.154 	0.125 	0.314 
016271 	0.376 	0.154 	0.124 	0.312 
016272 	0.376 	0.156 	0.123 	0.312 
016273 	0.376 	0.159 	0.122 	0.311 
016274 	0.374 	0.163 	0.123 	0.304 
016275 	0.374 	0.163 	0.123 	0.304 
016276 	0.376 	0.165 	0.123 	0.305 
016277 	0.376 	0.163 	0.122 	0.307 
016278 	0.376 	0.164 	0.124 	0.309 
016279 	0.376 	0.162 	0.123 	0.312 
016280 	0.374 	0.163 	0.122 	0.312 
016281 	0.373 	0.163 	0.121 	0.316 
016282 	0.374 	0.163 	0.120 	0.315 
016283 	0.374 	0.166 	0.120 	0.315 
016284 	0.374 	0.163 	0.119 	0.317 
016285 	0.375 	0.162 	0.118 	0.318 
016286 	0.375 	0.162 	0.118 	0.318 
016287 	0.373 	0.159 	0.121 	0.317 
016288 	0.375 	0.157 	0.120 	0.323 
016289 	0.376 	0.157 	0.121 	0.320 
016290 	0.376 	0.158 	0.123 	0.317 
016291 	0.378 	0.156 	0.123 	0.321 
016292 	0.377 	0.155 	0.124 	0.323 
016293 	0.380 	0.154 	0.123 	0.323 
016294 	0.379 	0.155 	0.123 	0.320 
016295 	0.379 	0.155 	0.124 	0.318 
016296 	0.379 	0.154 	0.126 	0.320 
016297 	0.382 	0.151 	0.124 	0.324 
016298 	0.380 	0.154 	0.126 	0.322 
016299 	0.382 	0.151 	0.124 	0.326 
016300 	0.382 	0.151 	0.124 	0.326 
016301 	0.382 	0.155 	0.124 	0.320 
016302 	0.382 	0.155 	0.125 	0.320 
016303 	0.383 	0.156 	0.124 	0.320 
016304 	0.383 	0.160 	0.124 	0.315 
016305 	0.382 	0.157 	0.125 	0.322 
016306 	0.382 	0.157 	0.126 	0.324 
016307 	0.383 	0.157 	0.126 	0.322 
016308 	0.383 	0.154 	0.126 	0.325 
016309 	0.382 	0.156 	0.127 	0.321 
016310 	0.383 	0.154 	0.124 	0.324 
016311 	0.383 	0.153 	0.124 	0.326 
016312 	0.382 	0.151 	0.125 	0.327 
016313 	0.381 	0.150 	0.126 	0.326 
016314 	0.383 	0.153 	0.125 	0.323 
016315 	0.383 	0.154 	0.124 	0.320 
016316 	0.384 	0.154 	0.122 	0.323 
016317 	0.382 	0.152 	0.124 	0.321 
016318 	0.380 	0.153 	0.127 	0.316 
016319 	0.380 	0.153 	0.125 	0.320 
016320 	0.381 	0.150 	0.125 	0.326 
016321 	0.380 	0.151 	0.124 	0.324 
016322 	0.379 	0.151 	0.126 	0.321 
016323 	0.378 	0.152 	0.126 	0.318 
016324 	0.378 	0.152 	0.126 	0.318 
016325 	0.378 	0.154 	0.127 	0.316 
016326 	0.377 	0.152 	0.126 	0.321 
016327 	0.377 	0.153 	0.127 	0.316 
016328 	0.378 	0.154 	0.125 	0.317 
016329 	0.378 	0.153 	0.125 	0.318 
016330 	0.377 	0.152 	0.125 	0.319 
016331 	0.378 	0.151 	0.125 	0.321 
016332 	0.377 	0.151 	0.126 	0.317 
016333 	0.377 	0.149 	0.124 	0.319 
016334 	0.378 	0.148 	0.125 	0.318 
016335 	0.377 	0.149 	0.125 	0.319 
016336 	0.378 	0.150 	0.123 	0.321 
016337 	0.377 	0.149 	0.124 	0.322 
016338 	0.378 	0.147 	0.124 	0.324 
016339 	0.377 	0.147 	0.126 	0.329 
016340 	0.378 	0.148 	0.128 	0.327 
016341 	0.379 	0.143 	0.129 	0.329 
016342 	0.379 	0.144 	0.128 	0.328 
016343 	0.380 	0.145 	0.127 	0.326 
016344 	0.380 	0.146 	0.130 	0.326 
016345 	0.384 	0.150 	0.125 	0.321 
016346 	0.382 	0.149 	0.127 	0.324 
016347 	0.384 	0.155 	0.124 	0.319 
016348 	0.384 	0.157 	0.125 	0.318 
016349 	0.384 	0.157 	0.125 	0.318 
016350 	0.384 	0.156 	0.125 	0.321 
016351 	0.382 	0.157 	0.129 	0.320 
016352 	0.380 	0.154 	0.131 	0.324 
016353 	0.383 	0.155 	0.126 	0.326 
016354 	0.382 	0.159 	0.126 	0.320 
016355 	0.383 	0.157 	0.124 	0.326 
016356 	0.383 	0.157 	0.123 	0.325 
016357 	0.383 	0.157 	0.123 	0.324 
016358 	0.382 	0.156 	0.123 	0.326 
016359 	0.384 	0.158 	0.121 	0.325 
016360 	0.384 	0.159 	0.121 	0.325 
016361 	0.385 	0.157 	0.121 	0.327 
016362 	0.386 	0.159 	0.121 	0.326 
016363 	0.383 	0.159 	0.123 	0.323 
016364 	0.384 	0.160 	0.121 	0.321 
016365 	0.384 	0.162 	0.121 	0.318 
016366 	0.383 	0.157 	0.123 	0.323 
016367 	0.382 	0.161 	0.125 	0.316 
016368 	0.381 	0.157 	0.125 	0.319 
016369 	0.379 	0.154 	0.127 	0.323 
016370 	0.379 	0.155 	0.125 	0.320 
016371 	0.380 	0.152 	0.125 	0.325 
016372 	0.380 	0.150 	0.122 	0.321 
016373 	0.380 	0.150 	0.122 	0.321 
016374 	0.379 	0.155 	0.122 	0.315 
016375 	0.378 	0.150 	0.122 	0.324 
016376 	0.378 	0.152 	0.124 	0.320 
016377 	0.375 	0.150 	0.125 	0.322 
016378 	0.374 	0.149 	0.121 	0.320 
016379 	0.373 	0.147 	0.121 	0.325 
016380 	0.373 	0.150 	0.120 	0.322 
016381 	0.372 	0.150 	0.120 	0.322 
016382 	0.372 	0.151 	0.120 	0.322 
016383 	0.372 	0.152 	0.119 	0.321 
016384 	0.372 	0.150 	0.120 	0.324 
016385 	0.370 	0.148 	0.122 	0.324 
016386 	0.372 	0.148 	0.122 	0.322 
016387 	0.372 	0.146 	0.122 	0.326 
016388 	0.374 	0.142 	0.120 	0.331 
016389 	0.372 	0.148 	0.121 	0.323 
016390 	0.371 	0.148 	0.123 	0.323 
016391 	0.374 	0.149 	0.120 	0.320 
016392 	0.372 	0.149 	0.121 	0.320 
016393 	0.374 	0.150 	0.119 	0.319 
016394 	0.371 	0.145 	0.122 	0.331 
016395 	0.371 	0.147 	0.123 	0.335 
016396 	0.372 	0.151 	0.121 	0.328 
016397 	0.372 	0.151 	0.121 	0.328 
016398 	0.373 	0.154 	0.120 	0.322 
016399 	0.374 	0.152 	0.118 	0.326 
016400 	0.374 	0.153 	0.118 	0.326 
016401 	0.376 	0.155 	0.116 	0.321 
016402 	0.377 	0.155 	0.118 	0.322 
016403 	0.377 	0.154 	0.119 	0.323 
016404 	0.377 	0.157 	0.121 	0.320 
016405 	0.376 	0.155 	0.122 	0.322 
016406 	0.378 	0.156 	0.122 	0.324 
016407 	0.378 	0.159 	0.124 	0.318 
016408 	0.380 	0.160 	0.122 	0.315 
016409 	0.381 	0.158 	0.121 	0.319 
016410 	0.382 	0.160 	0.120 	0.318 
016411 	0.382 	0.158 	0.121 	0.317 
016412 	0.381 	0.155 	0.122 	0.322 
016413 	0.382 	0.157 	0.122 	0.318 
016414 	0.385 	0.154 	0.121 	0.323 
016415 	0.387 	0.159 	0.119 	0.318 
016416 	0.385 	0.154 	0.122 	0.320 
016417 	0.389 	0.155 	0.118 	0.323 
016418 	0.389 	0.151 	0.120 	0.323 
016419 	0.389 	0.151 	0.122 	0.322 
016420 	0.390 	0.149 	0.121 	0.320 
016421 	0.387 	0.147 	0.125 	0.322 
016422 	0.387 	0.147 	0.125 	0.322 
016423 	0.388 	0.147 	0.123 	0.322 
016424 	0.388 	0.147 	0.122 	0.322 
016425 	0.389 	0.146 	0.122 	0.325 
016426 	0.387 	0.148 	0.124 	0.323 
016427 	0.387 	0.146 	0.125 	0.326 
016428 	0.386 	0.149 	0.126 	0.324 
016429 	0.387 	0.146 	0.125 	0.329 
016430 	0.387 	0.143 	0.124 	0.331 
016431 	0.387 	0.144 	0.123 	0.323 
016432 	0.384 	0.140 	0.126 	0.325 
016433 	0.384 	0.133 	0.127 	0.333 
016434 	0.383 	0.130 	0.127 	0.332 
016435 	0.381 	0.133 	0.130 	0.328 
016436 	0.383 	0.129 	0.127 	0.330 
016437 	0.386 	0.127 	0.124 	0.343 
016438 	0.385 	0.129 	0.124 	0.336 
016439 	0.384 	0.127 	0.125 	0.336 
016440 	0.384 	0.126 	0.125 	0.337 
016441 	0.384 	0.126 	0.124 	0.334 
016442 	0.381 	0.124 	0.127 	0.337 
016443 	0.382 	0.123 	0.125 	0.341 
016444 	0.380 	0.123 	0.126 	0.341 
016445 	0.380 	0.129 	0.125 	0.333 
016446 	0.380 	0.129 	0.125 	0.333 
016447 	0.382 	0.131 	0.122 	0.334 
016448 	0.380 	0.138 	0.123 	0.330 
016449 	0.380 	0.142 	0.121 	0.332 
016450 	0.381 	0.146 	0.123 	0.327 
016451 	0.379 	0.148 	0.123 	0.326 
016452 	0.376 	0.149 	0.128 	0.324 

WORD START END ASDSCORE
BE 0.07 0.22 0.8
PUT 0.22 0.48 0.7
THROUGH 0.48 0.98 2.8
AN 0.98 1.20 3.1
ITERATIVE 1.20 1.71 7.0
PROCESS 1.71 2.50 8.0
OF 2.98 3.51 3.2
INTENSE 4.94 5.75 2.0
DISCUSSIONS 5.90 6.71 4.6
INTENSE 7.20 7.77 5.2
COLLABORATIVE 7.81 8.51 7.2
PROCESSES 8.51 9.39 8.1
BREAKOUT 10.10 10.65 6.0
SESSIONS 10.65 11.31 5.3
WORKING 11.74 12.30 5.6
BY 12.30 12.48 7.9
THEMSELVES 12.48 13.16 7.7
VERY 13.16 13.42 6.8
HARD 13.42 13.83 5.6
AND 14.13 14.26 5.6
THEY 14.26 14.40 6.4
EACH 14.40 14.61 7.4
WILL 14.61 14.75 8.3
HAVE 14.75 14.96 10.2
A 14.96 15.00 10.8
WORK 15.00 15.32 11.4
STATION 15.32 15.91 8.0
WHICH 16.13 16.37 6.3
IS 16.37 16.49 8.0
HIGHLY 16.49 16.83 7.6
NETWORKED 16.83 17.33 6.0
SO 17.33 17.56 8.3
THAT 17.56 17.65 8.2
EVERYBODY 17.65 18.11 6.6
CAN 18.11 18.27 6.4
SHARE 18.29 18.68 8.9
INFORMATION 18.68 19.30 7.3
AND 19.76 19.89 7.8
THEY'LL 19.89 20.15 7.3
HAVE 20.15 20.40 6.0
AROUND 20.40 20.78 5.1
THE 20.78 20.84 6.8
WALLS 20.84 21.21 6.8
SOME 21.21 21.42 7.0
SMART 21.42 21.93 5.3
BOARDS 21.93 22.38 5.4
SO 22.53 22.71 8.0
THAT 22.71 22.87 5.1
THERE 22.87 23.00 3.0
THEY 23.00 23.18 2.9
CAN 23.18 23.30 4.7
SEE 23.30 23.57 7.4
THE 23.57 23.69 7.6
PROGRESS 23.69 24.29 5.0
THEY 24.29 24.42 4.1
MAKE 24.47 24.67 4.6
AND 25.60 25.71 0.2
IT 25.71 25.79 1.3
MIGHT 25.79 26.03 5.5
SOUND 26.03 26.36 8.2
LIKE 26.36 26.60 4.4
A 26.60 26.65 3.6
RATHER 26.65 27.42 6.1
CHAOTIC 27.42 27.96 8.7
PROCESS 27.99 28.62 9.3
BUT 28.88 29.02 7.0
THE 29.02 29.11 5.5
SECRET 29.11 29.60 7.7
IS 29.60 29.72 7.3
ACTUALLY 29.72 30.17 4.9
IN 30.17 30.41 3.7
THE 30.73 31.33 2.1
MODERATION 31.33 31.99 5.4
