Text:  THE REASON THE PROCESS THAT I'VE DESCRIBED IS ACTUALLY THE PROCESS THAT WE USE IN DESIGN EVERY DAY BUT ON STEROIDS SO DESIGNERS NEED TO BE ALL OVER THIS PROCESS ALSO DESIGNERS ARE VERY GOOD AT WORKING ACROSS DIFFERENT DISCIPLINES WE ARE GOOD AT TRANSLATING THE LANGUAGE OF ONE DISCIPLINE TO ANOTHER 
Conf:  1
Ref:   0LxPAY9yis8

FRAME 	X 	Y 	W 	H 
017352 	0.413 	0.140 	0.075 	0.204 
017353 	0.412 	0.120 	0.087 	0.230 
017354 	0.417 	0.138 	0.081 	0.207 
017355 	0.419 	0.137 	0.080 	0.205 
017356 	0.420 	0.134 	0.080 	0.208 
017357 	0.420 	0.131 	0.082 	0.209 
017358 	0.423 	0.135 	0.079 	0.203 
017359 	0.424 	0.132 	0.079 	0.206 
017360 	0.427 	0.136 	0.077 	0.200 
017361 	0.427 	0.134 	0.079 	0.205 
017362 	0.430 	0.131 	0.080 	0.205 
017363 	0.434 	0.133 	0.080 	0.204 
017364 	0.438 	0.133 	0.078 	0.203 
017365 	0.443 	0.135 	0.081 	0.202 
017366 	0.446 	0.131 	0.081 	0.208 
017367 	0.449 	0.125 	0.081 	0.212 
017368 	0.455 	0.134 	0.077 	0.198 
017369 	0.455 	0.127 	0.079 	0.203 
017370 	0.458 	0.133 	0.077 	0.202 
017371 	0.461 	0.134 	0.076 	0.203 
017372 	0.461 	0.132 	0.077 	0.205 
017373 	0.462 	0.131 	0.077 	0.201 
017374 	0.462 	0.131 	0.077 	0.201 
017375 	0.462 	0.129 	0.075 	0.200 
017376 	0.463 	0.128 	0.075 	0.199 
017377 	0.461 	0.128 	0.077 	0.201 
017378 	0.460 	0.129 	0.077 	0.203 
017379 	0.458 	0.130 	0.077 	0.202 
017380 	0.456 	0.130 	0.076 	0.196 
017381 	0.453 	0.128 	0.077 	0.198 
017382 	0.450 	0.129 	0.079 	0.197 
017383 	0.445 	0.130 	0.081 	0.198 
017384 	0.439 	0.127 	0.076 	0.204 
017385 	0.435 	0.129 	0.075 	0.198 
017386 	0.428 	0.129 	0.078 	0.199 
017387 	0.424 	0.128 	0.079 	0.202 
017388 	0.419 	0.126 	0.079 	0.200 
017389 	0.411 	0.126 	0.077 	0.198 
017390 	0.406 	0.129 	0.075 	0.197 
017391 	0.401 	0.132 	0.076 	0.194 
017392 	0.395 	0.131 	0.079 	0.200 
017393 	0.387 	0.132 	0.077 	0.202 
017394 	0.383 	0.136 	0.075 	0.199 
017395 	0.378 	0.134 	0.076 	0.202 
017396 	0.371 	0.137 	0.080 	0.202 
017397 	0.368 	0.133 	0.082 	0.206 
017398 	0.368 	0.133 	0.082 	0.206 
017399 	0.365 	0.143 	0.079 	0.201 
017400 	0.357 	0.140 	0.080 	0.209 
017401 	0.353 	0.140 	0.081 	0.210 
017402 	0.350 	0.142 	0.079 	0.208 
017403 	0.346 	0.144 	0.080 	0.209 
017404 	0.345 	0.141 	0.078 	0.204 
017405 	0.342 	0.144 	0.079 	0.199 
017406 	0.341 	0.145 	0.077 	0.200 
017407 	0.340 	0.145 	0.078 	0.204 
017408 	0.338 	0.144 	0.080 	0.203 
017409 	0.338 	0.146 	0.080 	0.202 
017410 	0.337 	0.147 	0.080 	0.201 
017411 	0.337 	0.148 	0.081 	0.199 
017412 	0.337 	0.149 	0.081 	0.198 
017413 	0.337 	0.151 	0.080 	0.198 
017414 	0.338 	0.151 	0.079 	0.200 
017415 	0.338 	0.153 	0.078 	0.196 
017416 	0.338 	0.150 	0.080 	0.201 
017417 	0.338 	0.145 	0.080 	0.205 
017418 	0.338 	0.147 	0.079 	0.204 
017419 	0.340 	0.147 	0.078 	0.204 
017420 	0.340 	0.144 	0.078 	0.205 
017421 	0.341 	0.144 	0.078 	0.204 
017422 	0.343 	0.148 	0.077 	0.203 
017423 	0.343 	0.148 	0.077 	0.203 
017424 	0.346 	0.148 	0.075 	0.204 
017425 	0.346 	0.149 	0.077 	0.201 
017426 	0.348 	0.151 	0.075 	0.203 
017427 	0.349 	0.153 	0.075 	0.202 
017428 	0.349 	0.156 	0.077 	0.199 
017429 	0.351 	0.159 	0.076 	0.195 
017430 	0.352 	0.159 	0.075 	0.197 
017431 	0.351 	0.157 	0.076 	0.195 
017432 	0.352 	0.157 	0.076 	0.193 
017433 	0.354 	0.157 	0.075 	0.193 
017434 	0.353 	0.153 	0.078 	0.202 
017435 	0.354 	0.153 	0.078 	0.201 
017436 	0.354 	0.150 	0.078 	0.202 
017437 	0.352 	0.143 	0.082 	0.210 
017438 	0.354 	0.145 	0.081 	0.205 
017439 	0.353 	0.142 	0.082 	0.211 
017440 	0.354 	0.143 	0.081 	0.209 
017441 	0.352 	0.127 	0.088 	0.232 
017442 	0.357 	0.142 	0.080 	0.208 
017443 	0.357 	0.146 	0.080 	0.203 
017444 	0.363 	0.148 	0.080 	0.199 
017445 	0.363 	0.148 	0.080 	0.197 
017446 	0.364 	0.147 	0.079 	0.199 
017447 	0.364 	0.147 	0.079 	0.199 
017448 	0.365 	0.145 	0.079 	0.202 
017449 	0.365 	0.146 	0.079 	0.204 
017450 	0.366 	0.145 	0.079 	0.207 
017451 	0.367 	0.144 	0.079 	0.209 
017452 	0.366 	0.144 	0.081 	0.209 
017453 	0.367 	0.144 	0.080 	0.207 
017454 	0.367 	0.141 	0.082 	0.214 
017455 	0.366 	0.144 	0.081 	0.207 
017456 	0.366 	0.143 	0.081 	0.209 
017457 	0.366 	0.142 	0.082 	0.210 
017458 	0.367 	0.144 	0.080 	0.207 
017459 	0.367 	0.143 	0.079 	0.209 
017460 	0.367 	0.142 	0.080 	0.209 
017461 	0.366 	0.143 	0.080 	0.206 
017462 	0.365 	0.144 	0.080 	0.203 
017463 	0.367 	0.145 	0.077 	0.202 
017464 	0.366 	0.145 	0.078 	0.204 
017465 	0.364 	0.145 	0.080 	0.207 
017466 	0.359 	0.125 	0.088 	0.233 
017467 	0.358 	0.125 	0.089 	0.232 
017468 	0.358 	0.123 	0.088 	0.235 
017469 	0.354 	0.125 	0.090 	0.232 
017470 	0.356 	0.125 	0.089 	0.234 
017471 	0.354 	0.125 	0.088 	0.233 
017472 	0.354 	0.125 	0.088 	0.233 
017473 	0.358 	0.141 	0.079 	0.208 
017474 	0.357 	0.147 	0.076 	0.199 
017475 	0.356 	0.144 	0.080 	0.212 
017476 	0.357 	0.149 	0.078 	0.204 
017477 	0.355 	0.143 	0.081 	0.215 
017478 	0.354 	0.149 	0.079 	0.201 
017479 	0.356 	0.149 	0.076 	0.204 
017480 	0.352 	0.144 	0.082 	0.215 
017481 	0.354 	0.150 	0.078 	0.207 
017482 	0.353 	0.151 	0.078 	0.206 
017483 	0.349 	0.148 	0.083 	0.213 
017484 	0.352 	0.151 	0.077 	0.199 
017485 	0.352 	0.153 	0.076 	0.197 
017486 	0.353 	0.154 	0.075 	0.198 
017487 	0.354 	0.156 	0.073 	0.197 
017488 	0.352 	0.154 	0.076 	0.201 
017489 	0.352 	0.159 	0.075 	0.199 
017490 	0.353 	0.158 	0.076 	0.201 
017491 	0.354 	0.161 	0.076 	0.198 
017492 	0.354 	0.159 	0.075 	0.199 
017493 	0.352 	0.158 	0.077 	0.203 
017494 	0.353 	0.159 	0.078 	0.201 
017495 	0.353 	0.158 	0.077 	0.203 
017496 	0.353 	0.158 	0.077 	0.203 
017497 	0.354 	0.158 	0.077 	0.202 
017498 	0.355 	0.159 	0.076 	0.201 
017499 	0.354 	0.159 	0.077 	0.196 
017500 	0.355 	0.156 	0.076 	0.202 
017501 	0.356 	0.154 	0.076 	0.200 
017502 	0.356 	0.153 	0.076 	0.202 
017503 	0.355 	0.154 	0.077 	0.202 
017504 	0.355 	0.152 	0.078 	0.204 
017505 	0.356 	0.154 	0.078 	0.203 
017506 	0.356 	0.152 	0.078 	0.204 
017507 	0.351 	0.132 	0.089 	0.231 
017508 	0.356 	0.144 	0.082 	0.215 
017509 	0.355 	0.142 	0.081 	0.220 
017510 	0.356 	0.150 	0.077 	0.202 
017511 	0.356 	0.154 	0.075 	0.202 
017512 	0.355 	0.154 	0.077 	0.204 
017513 	0.354 	0.155 	0.080 	0.203 
017514 	0.353 	0.158 	0.080 	0.203 
017515 	0.352 	0.158 	0.080 	0.201 
017516 	0.353 	0.159 	0.079 	0.201 
017517 	0.352 	0.159 	0.079 	0.200 
017518 	0.354 	0.159 	0.078 	0.200 
017519 	0.354 	0.161 	0.078 	0.198 
017520 	0.354 	0.161 	0.078 	0.198 
017521 	0.355 	0.161 	0.076 	0.200 
017522 	0.356 	0.159 	0.076 	0.198 
017523 	0.357 	0.161 	0.075 	0.196 
017524 	0.357 	0.161 	0.075 	0.193 
017525 	0.356 	0.162 	0.075 	0.190 
017526 	0.357 	0.161 	0.076 	0.193 
017527 	0.357 	0.162 	0.076 	0.195 
017528 	0.358 	0.162 	0.075 	0.196 
017529 	0.357 	0.161 	0.076 	0.195 
017530 	0.357 	0.161 	0.075 	0.197 
017531 	0.356 	0.162 	0.075 	0.199 
017532 	0.356 	0.161 	0.077 	0.200 
017533 	0.356 	0.161 	0.076 	0.200 
017534 	0.356 	0.162 	0.076 	0.202 
017535 	0.354 	0.160 	0.077 	0.200 
017536 	0.353 	0.156 	0.079 	0.203 
017537 	0.354 	0.158 	0.077 	0.203 
017538 	0.354 	0.158 	0.076 	0.201 
017539 	0.354 	0.158 	0.076 	0.197 
017540 	0.353 	0.158 	0.076 	0.198 
017541 	0.353 	0.158 	0.077 	0.200 
017542 	0.353 	0.158 	0.077 	0.202 
017543 	0.354 	0.160 	0.076 	0.199 
017544 	0.355 	0.161 	0.075 	0.197 
017545 	0.355 	0.161 	0.075 	0.197 
017546 	0.355 	0.160 	0.075 	0.203 
017547 	0.356 	0.159 	0.076 	0.204 
017548 	0.356 	0.160 	0.075 	0.203 
017549 	0.355 	0.160 	0.076 	0.203 
017550 	0.355 	0.160 	0.077 	0.203 
017551 	0.354 	0.160 	0.079 	0.203 
017552 	0.355 	0.160 	0.078 	0.203 
017553 	0.355 	0.158 	0.079 	0.202 
017554 	0.356 	0.160 	0.079 	0.201 
017555 	0.355 	0.158 	0.079 	0.203 
017556 	0.355 	0.136 	0.085 	0.234 
017557 	0.357 	0.156 	0.079 	0.204 
017558 	0.356 	0.155 	0.079 	0.205 
017559 	0.356 	0.155 	0.078 	0.206 
017560 	0.359 	0.156 	0.076 	0.203 
017561 	0.357 	0.154 	0.079 	0.196 
017562 	0.357 	0.153 	0.079 	0.195 
017563 	0.359 	0.152 	0.077 	0.199 
017564 	0.360 	0.151 	0.076 	0.204 
017565 	0.359 	0.151 	0.077 	0.203 
017566 	0.359 	0.152 	0.078 	0.200 
017567 	0.360 	0.154 	0.077 	0.200 
017568 	0.360 	0.153 	0.076 	0.201 
017569 	0.360 	0.153 	0.076 	0.201 
017570 	0.360 	0.153 	0.077 	0.204 
017571 	0.364 	0.153 	0.079 	0.199 
017572 	0.359 	0.145 	0.081 	0.209 
017573 	0.360 	0.154 	0.077 	0.196 
017574 	0.360 	0.155 	0.076 	0.198 
017575 	0.360 	0.155 	0.076 	0.200 
017576 	0.359 	0.156 	0.077 	0.204 
017577 	0.360 	0.159 	0.076 	0.201 
017578 	0.360 	0.161 	0.076 	0.198 
017579 	0.359 	0.160 	0.076 	0.199 
017580 	0.360 	0.161 	0.074 	0.193 
017581 	0.359 	0.159 	0.075 	0.193 
017582 	0.359 	0.161 	0.077 	0.198 
017583 	0.359 	0.164 	0.075 	0.199 
017584 	0.358 	0.165 	0.077 	0.201 
017585 	0.358 	0.169 	0.078 	0.199 
017586 	0.357 	0.171 	0.082 	0.202 
017587 	0.357 	0.171 	0.081 	0.206 
017588 	0.357 	0.180 	0.080 	0.194 
017589 	0.358 	0.183 	0.080 	0.194 
017590 	0.358 	0.185 	0.079 	0.193 
017591 	0.358 	0.186 	0.080 	0.192 
017592 	0.358 	0.189 	0.078 	0.193 
017593 	0.358 	0.190 	0.080 	0.191 
017594 	0.358 	0.190 	0.080 	0.191 
017595 	0.357 	0.190 	0.081 	0.192 
017596 	0.357 	0.190 	0.080 	0.193 
017597 	0.358 	0.190 	0.079 	0.195 
017598 	0.359 	0.190 	0.081 	0.193 
017599 	0.359 	0.191 	0.080 	0.190 
017600 	0.358 	0.189 	0.082 	0.191 
017601 	0.358 	0.189 	0.080 	0.191 
017602 	0.358 	0.190 	0.080 	0.190 
017603 	0.358 	0.190 	0.080 	0.190 
017604 	0.359 	0.190 	0.079 	0.190 
017605 	0.358 	0.190 	0.080 	0.190 
017606 	0.359 	0.190 	0.079 	0.190 
017607 	0.360 	0.189 	0.076 	0.191 
017608 	0.360 	0.189 	0.077 	0.191 
017609 	0.360 	0.190 	0.078 	0.191 
017610 	0.359 	0.189 	0.078 	0.196 
017611 	0.360 	0.188 	0.077 	0.194 
017612 	0.359 	0.185 	0.078 	0.194 
017613 	0.359 	0.185 	0.079 	0.190 
017614 	0.361 	0.179 	0.084 	0.199 
017615 	0.357 	0.170 	0.083 	0.206 
017616 	0.358 	0.169 	0.080 	0.212 
017617 	0.358 	0.169 	0.080 	0.206 
017618 	0.358 	0.169 	0.080 	0.206 
017619 	0.358 	0.165 	0.078 	0.207 
017620 	0.359 	0.165 	0.078 	0.202 
017621 	0.357 	0.166 	0.080 	0.201 
017622 	0.356 	0.142 	0.090 	0.226 
017623 	0.357 	0.138 	0.087 	0.232 
017624 	0.356 	0.139 	0.090 	0.227 
017625 	0.358 	0.139 	0.090 	0.227 
017626 	0.362 	0.160 	0.083 	0.195 
017627 	0.359 	0.161 	0.078 	0.194 
017628 	0.364 	0.159 	0.080 	0.198 
017629 	0.364 	0.159 	0.079 	0.199 
017630 	0.364 	0.160 	0.080 	0.197 
017631 	0.364 	0.159 	0.079 	0.199 
017632 	0.365 	0.160 	0.079 	0.199 
017633 	0.364 	0.159 	0.079 	0.202 
017634 	0.364 	0.160 	0.080 	0.199 
017635 	0.364 	0.160 	0.081 	0.199 
017636 	0.359 	0.137 	0.089 	0.227 
017637 	0.364 	0.160 	0.081 	0.196 
017638 	0.362 	0.161 	0.083 	0.193 
017639 	0.362 	0.160 	0.082 	0.194 
017640 	0.362 	0.159 	0.083 	0.194 
017641 	0.362 	0.160 	0.083 	0.195 
017642 	0.362 	0.158 	0.083 	0.195 
017643 	0.362 	0.158 	0.083 	0.195 
017644 	0.358 	0.154 	0.079 	0.196 
017645 	0.358 	0.153 	0.079 	0.194 
017646 	0.358 	0.153 	0.079 	0.195 
017647 	0.358 	0.146 	0.082 	0.207 
017648 	0.358 	0.145 	0.082 	0.211 
017649 	0.357 	0.146 	0.082 	0.206 
017650 	0.358 	0.146 	0.081 	0.210 
017651 	0.358 	0.146 	0.081 	0.209 
017652 	0.355 	0.133 	0.089 	0.226 
017653 	0.355 	0.133 	0.089 	0.227 
017654 	0.358 	0.153 	0.079 	0.203 
017655 	0.358 	0.155 	0.078 	0.202 
017656 	0.358 	0.154 	0.079 	0.201 
017657 	0.357 	0.153 	0.080 	0.201 
017658 	0.358 	0.154 	0.081 	0.200 
017659 	0.358 	0.154 	0.080 	0.202 
017660 	0.359 	0.155 	0.079 	0.199 
017661 	0.356 	0.135 	0.090 	0.227 
017662 	0.359 	0.157 	0.078 	0.197 
017663 	0.363 	0.156 	0.080 	0.198 
017664 	0.365 	0.155 	0.079 	0.201 
017665 	0.365 	0.156 	0.079 	0.201 
017666 	0.365 	0.156 	0.080 	0.204 
017667 	0.365 	0.156 	0.080 	0.204 
017668 	0.361 	0.132 	0.084 	0.235 
017669 	0.360 	0.132 	0.088 	0.234 
017670 	0.360 	0.131 	0.088 	0.234 
017671 	0.361 	0.129 	0.084 	0.238 
017672 	0.360 	0.131 	0.088 	0.233 
017673 	0.365 	0.151 	0.079 	0.208 
017674 	0.360 	0.131 	0.089 	0.229 
017675 	0.365 	0.150 	0.079 	0.207 
017676 	0.366 	0.153 	0.079 	0.204 
017677 	0.365 	0.150 	0.080 	0.202 
017678 	0.365 	0.151 	0.079 	0.203 
017679 	0.365 	0.152 	0.079 	0.202 
017680 	0.363 	0.152 	0.080 	0.201 
017681 	0.363 	0.154 	0.080 	0.201 
017682 	0.361 	0.153 	0.081 	0.197 
017683 	0.358 	0.128 	0.085 	0.233 
017684 	0.359 	0.153 	0.078 	0.201 
017685 	0.358 	0.152 	0.077 	0.199 
017686 	0.358 	0.152 	0.077 	0.201 
017687 	0.358 	0.152 	0.078 	0.202 
017688 	0.358 	0.150 	0.079 	0.203 
017689 	0.358 	0.151 	0.079 	0.197 
017690 	0.358 	0.151 	0.078 	0.195 
017691 	0.358 	0.151 	0.078 	0.195 
017692 	0.358 	0.151 	0.079 	0.196 
017693 	0.358 	0.151 	0.079 	0.198 
017694 	0.358 	0.149 	0.079 	0.201 
017695 	0.357 	0.150 	0.079 	0.198 
017696 	0.358 	0.151 	0.077 	0.199 
017697 	0.359 	0.152 	0.077 	0.202 
017698 	0.358 	0.152 	0.077 	0.202 
017699 	0.357 	0.152 	0.077 	0.201 
017700 	0.357 	0.153 	0.076 	0.201 
017701 	0.357 	0.155 	0.078 	0.200 
017702 	0.356 	0.154 	0.079 	0.196 
017703 	0.357 	0.156 	0.078 	0.194 
017704 	0.357 	0.155 	0.078 	0.198 
017705 	0.358 	0.155 	0.077 	0.199 
017706 	0.357 	0.154 	0.078 	0.200 
017707 	0.356 	0.156 	0.079 	0.197 
017708 	0.356 	0.154 	0.079 	0.199 
017709 	0.357 	0.156 	0.078 	0.198 
017710 	0.356 	0.156 	0.076 	0.199 
017711 	0.356 	0.156 	0.076 	0.198 
017712 	0.356 	0.156 	0.077 	0.200 
017713 	0.356 	0.158 	0.077 	0.198 
017714 	0.356 	0.159 	0.078 	0.198 
017715 	0.355 	0.158 	0.077 	0.197 
017716 	0.355 	0.158 	0.077 	0.197 
017717 	0.356 	0.158 	0.077 	0.198 
017718 	0.356 	0.158 	0.078 	0.201 
017719 	0.356 	0.160 	0.078 	0.199 
017720 	0.356 	0.158 	0.079 	0.202 
017721 	0.355 	0.159 	0.080 	0.202 
017722 	0.357 	0.157 	0.078 	0.204 
017723 	0.357 	0.157 	0.077 	0.201 
017724 	0.357 	0.156 	0.077 	0.199 
017725 	0.356 	0.154 	0.081 	0.202 
017726 	0.357 	0.154 	0.080 	0.201 
017727 	0.355 	0.132 	0.088 	0.227 
017728 	0.363 	0.151 	0.080 	0.202 
017729 	0.364 	0.152 	0.079 	0.202 
017730 	0.364 	0.153 	0.080 	0.202 
017731 	0.364 	0.152 	0.079 	0.203 
017732 	0.364 	0.153 	0.079 	0.203 
017733 	0.364 	0.154 	0.079 	0.203 
017734 	0.364 	0.156 	0.079 	0.202 
017735 	0.364 	0.154 	0.080 	0.205 
017736 	0.365 	0.156 	0.079 	0.204 
017737 	0.365 	0.156 	0.079 	0.203 
017738 	0.365 	0.159 	0.078 	0.200 
017739 	0.365 	0.155 	0.080 	0.206 
017740 	0.365 	0.155 	0.080 	0.206 
017741 	0.366 	0.155 	0.080 	0.206 
017742 	0.366 	0.153 	0.080 	0.209 
017743 	0.367 	0.152 	0.082 	0.211 
017744 	0.368 	0.152 	0.081 	0.208 
017745 	0.369 	0.153 	0.079 	0.209 
017746 	0.369 	0.152 	0.079 	0.208 
017747 	0.369 	0.153 	0.078 	0.208 
017748 	0.369 	0.154 	0.077 	0.208 
017749 	0.368 	0.154 	0.078 	0.204 
017750 	0.367 	0.152 	0.080 	0.208 
017751 	0.366 	0.152 	0.080 	0.204 
017752 	0.367 	0.152 	0.079 	0.207 
017753 	0.367 	0.153 	0.080 	0.203 
017754 	0.367 	0.154 	0.080 	0.200 
017755 	0.366 	0.153 	0.080 	0.202 
017756 	0.367 	0.155 	0.078 	0.201 
017757 	0.366 	0.153 	0.080 	0.202 
017758 	0.365 	0.153 	0.081 	0.200 
017759 	0.366 	0.152 	0.081 	0.201 
017760 	0.365 	0.151 	0.080 	0.202 
017761 	0.365 	0.149 	0.080 	0.202 
017762 	0.358 	0.131 	0.089 	0.230 
017763 	0.356 	0.130 	0.089 	0.228 
017764 	0.357 	0.131 	0.090 	0.231 
017765 	0.357 	0.131 	0.090 	0.231 
017766 	0.360 	0.129 	0.084 	0.236 
017767 	0.359 	0.147 	0.080 	0.205 
017768 	0.358 	0.149 	0.077 	0.203 
017769 	0.358 	0.151 	0.075 	0.198 
017770 	0.357 	0.149 	0.076 	0.200 
017771 	0.357 	0.148 	0.076 	0.202 
017772 	0.357 	0.150 	0.075 	0.198 
017773 	0.358 	0.150 	0.075 	0.200 
017774 	0.358 	0.150 	0.076 	0.199 
017775 	0.358 	0.151 	0.077 	0.197 
017776 	0.358 	0.152 	0.076 	0.198 
017777 	0.359 	0.151 	0.078 	0.199 
017778 	0.358 	0.151 	0.077 	0.197 
017779 	0.360 	0.151 	0.077 	0.196 
017780 	0.362 	0.150 	0.082 	0.196 
017781 	0.361 	0.152 	0.076 	0.199 
017782 	0.364 	0.153 	0.079 	0.199 
017783 	0.364 	0.153 	0.079 	0.199 
017784 	0.360 	0.132 	0.089 	0.228 
017785 	0.366 	0.151 	0.080 	0.201 
017786 	0.366 	0.151 	0.079 	0.201 
017787 	0.365 	0.152 	0.081 	0.202 
017788 	0.365 	0.152 	0.081 	0.202 
017789 	0.365 	0.152 	0.081 	0.202 
017790 	0.367 	0.151 	0.079 	0.203 
017791 	0.366 	0.153 	0.080 	0.204 
017792 	0.367 	0.154 	0.080 	0.203 
017793 	0.366 	0.150 	0.080 	0.204 
017794 	0.367 	0.152 	0.079 	0.202 
017795 	0.367 	0.152 	0.079 	0.204 
017796 	0.367 	0.152 	0.078 	0.206 
017797 	0.367 	0.152 	0.079 	0.203 
017798 	0.365 	0.150 	0.080 	0.203 
017799 	0.364 	0.151 	0.080 	0.203 
017800 	0.365 	0.151 	0.078 	0.202 
017801 	0.365 	0.150 	0.079 	0.202 
017802 	0.363 	0.150 	0.080 	0.199 
017803 	0.363 	0.150 	0.079 	0.201 
017804 	0.362 	0.149 	0.080 	0.199 
017805 	0.355 	0.127 	0.088 	0.232 
017806 	0.358 	0.142 	0.080 	0.216 
017807 	0.357 	0.125 	0.085 	0.238 
017808 	0.357 	0.125 	0.084 	0.238 
017809 	0.355 	0.128 	0.088 	0.229 
017810 	0.358 	0.150 	0.080 	0.201 
017811 	0.358 	0.149 	0.079 	0.201 
017812 	0.357 	0.150 	0.081 	0.202 
017813 	0.357 	0.150 	0.081 	0.202 

WORD START END ASDSCORE
THE 0.07 0.14 11.1
REASON 0.14 0.51 10.9
THE 0.51 0.60 6.5
PROCESS 0.60 1.18 4.6
THAT 1.18 1.29 5.2
I'VE 1.29 1.48 4.6
DESCRIBED 1.48 2.12 6.3
IS 2.12 2.23 9.9
ACTUALLY 2.23 2.73 6.5
THE 3.02 3.11 5.3
PROCESS 3.16 3.65 5.5
THAT 3.65 3.74 9.1
WE 3.74 3.82 8.8
USE 3.82 4.12 7.4
IN 4.12 4.21 4.7
DESIGN 4.21 4.68 5.7
EVERY 4.68 4.93 4.9
DAY 4.93 5.22 6.1
BUT 5.56 5.67 2.1
ON 5.67 5.88 3.3
STEROIDS 5.88 6.75 5.5
SO 7.23 7.43 7.5
DESIGNERS 7.43 8.08 6.7
NEED 8.08 8.25 6.3
TO 8.25 8.32 6.5
BE 8.32 8.48 7.5
ALL 8.48 8.68 8.3
OVER 8.68 8.84 8.1
THIS 8.84 9.08 6.9
PROCESS 9.08 9.78 5.2
ALSO 10.54 10.94 1.8
DESIGNERS 10.94 11.56 6.2
ARE 11.56 11.59 6.7
VERY 11.59 11.93 7.3
GOOD 11.93 12.34 5.1
AT 12.34 12.43 2.6
WORKING 12.43 12.85 4.9
ACROSS 12.85 13.34 4.7
DIFFERENT 13.34 13.68 4.4
DISCIPLINES 13.68 14.49 2.5
WE 14.83 14.95 6.7
ARE 14.95 15.09 5.6
GOOD 15.09 15.24 5.0
AT 15.24 15.36 4.8
TRANSLATING 15.36 16.23 8.1
THE 16.23 16.31 7.5
LANGUAGE 16.31 16.94 8.2
OF 16.94 17.06 9.0
ONE 17.06 17.31 9.8
DISCIPLINE 17.31 17.87 6.4
TO 17.87 18.04 5.3
ANOTHER 18.04 18.37 5.6
